0.3291317884340135 -5.801120777925957 0 0 1000000000000
2.2433053181865166 -9.910749345208963 0 0 1000000000000
8.305491008642512 5.375307222533168 0 0 1000000000000
-8.912604217296627 -9.159902513851305 0 0 1000000000000
6.346444156702951 2.506103819795232 0 0 1000000000000
6.713924597292461 3.912591680730749 0 0 1000000000000
-7.597175079616889 9.57319344567598 0 0 1000000000000
-4.650580816242249 9.619859158656496 0 0 1000000000000
1.0829276375647474 -1.8752407930707982 0 0 1000000000000
4.013511177053605 9.347214153625483 0 0 1000000000000
-4.97242326285723 -4.2296428017983345 0 0 1000000000000
-7.50569147861234 -4.0487388147163745 0 0 1000000000000
2.0593325746824735 5.601176283289089 0 0 1000000000000
-6.266056610238209 -2.7845008808584026 0 0 1000000000000
7.9358238537708985 -0.8149404462261991 0 0 1000000000000
7.784389029000117 -0.9963820715157397 0 0 1000000000000
3.2940021690513905 -1.2657233559461556 0 0 1000000000000
-0.5474269693362359 -4.583142889641079 0 0 1000000000000
-6.822430584490915 2.8537045662228735 0 0 1000000000000
-3.272254824168055 1.190920681543023 0 0 1000000000000
0.1066146002963464 0.33584385250563464 0 0 1000000000000
1.7317964444811018 -4.876360326822646 0 0 1000000000000
-0.2118525083825311 2.8991689430904053 0 0 1000000000000
-6.927808789741676 -1.663335254013024 0 0 1000000000000
-9.278631062574647 3.8800693931436108 0 0 1000000000000
3.6604186621461103 2.379184384217881 0 0 1000000000000
4.63905159916502 -2.1596519473056848 0 0 1000000000000
5.648235691002679 6.989169225379332 0 0 1000000000000
-3.684711553882451 9.667365013734152 0 0 1000000000000
3.0712515187322182 4.218898649243691 0 0 1000000000000
-7.359044145059941 9.824550499258503 0 0 1000000000000
-2.190378396762764 6.09209506817168 0 0 1000000000000
4.977020864885359 -5.180376905998987 0 0 1000000000000
-7.813441647931345 -5.1253764320945505 0 0 1000000000000
5.855855361675182 -9.733266599048203 0 0 1000000000000
-6.607207180551777 1.2531343937187636 0 0 1000000000000
-5.609883436722443 -8.631342956943676 0 0 1000000000000
4.163799549989902 -4.896507972060247 0 0 1000000000000
4.569016134975945 7.929054331793285 0 0 1000000000000
5.413034060294976 6.823709525169072 0 0 1000000000000
9.24556640137649 -8.057706040736845 0 0 1000000000000
8.879591151339888 4.223288575590196 0 0 1000000000000
4.607080536562098 -5.425289432375557 0 0 1000000000000
-6.996741380226156 2.4155853765298225 0 0 1000000000000
3.190127076803911 -5.723524736714786 0 0 1000000000000
9.347224595667083 1.8845699917298582 0 0 1000000000000
1.551418121961433 -6.2806844355829465 0 0 1000000000000
-6.702302198402856 -1.3506193073311064 0 0 1000000000000
0.0935532546686133 -7.612577911365388 0 0 1000000000000
-2.7925964127748664 8.638568664422191 0 0 1000000000000
4.055231434400753 -8.059006303751948 0 0 1000000000000
2.938603194435153 5.642546603115585 0 0 1000000000000
6.892039920008408 3.7527588315720664 0 0 1000000000000
7.893760403121604 -2.785914871912258 0 0 1000000000000
-9.0895372901481 4.916804236470089 0 0 1000000000000
1.6704354499480019 -5.69842426625012 0 0 1000000000000
-0.7906760694818118 4.914276613722121 0 0 1000000000000
9.88041139506267 -4.6567131232827785 0 0 1000000000000
2.679690402402022 -1.7735225388197247 0 0 1000000000000
1.5018979246550028 -8.807818771243792 0 0 1000000000000
-5.761617853223746 -2.9260723157114583 0 0 1000000000000
-3.8560922820144246 8.912365047225844 0 0 1000000000000
7.030650508713517 -6.2289038975165 0 0 1000000000000
2.7921122186487857 8.157901594766937 0 0 1000000000000
-4.894292334524453 -8.671175304837696 0 0 1000000000000
-2.4609653412908177 8.239326492418861 0 0 1000000000000
3.053460370376218 -1.0335957927835047 0 0 1000000000000
7.572637516051255 4.333595239143499 0 0 1000000000000
8.070994153514246 -4.465851224670785 0 0 1000000000000
-1.0143564744197402 3.978896287711864 0 0 1000000000000
-7.74733799464411 0.9943655715176511 0 0 1000000000000
-5.335269285073114 -7.080609876447779 0 0 1000000000000
-8.065405624042267 7.966305447050665 0 0 1000000000000
1.392145039456862 0.35880651433244104 0 0 1000000000000
-6.350320799358498 -2.642951097845387 0 0 1000000000000
-2.3328339944991434 0.9232284892460374 0 0 1000000000000
1.8263595571510187 -7.198543359120602 0 0 1000000000000
4.710569833239909 -1.0847897691329855 0 0 1000000000000
1.2182485028534487 7.103250770166614 0 0 1000000000000
-8.214757726471266 8.773415730426038 0 0 1000000000000
8.52681390631917 -5.390845029474134 0 0 1000000000000
-7.800002392678449 3.1247129253073 0 0 1000000000000
-0.8234217824762062 -6.623925969511568 0 0 1000000000000
8.241101832503059 -2.3205668848138794 0 0 1000000000000
8.793039031154997 -7.112228642396423 0 0 1000000000000
8.318360320958753 0.12341324628323314 0 0 1000000000000
4.00422544475745 4.690244428156738 0 0 1000000000000
3.756291336752879 -8.830763348666906 0 0 1000000000000
3.9815252079249763 0.5705822499724427 0 0 1000000000000
2.1581723486506004 6.836257720352876 0 0 1000000000000
-0.9583141383696372 4.6251382317287675 0 0 1000000000000
-8.205576908569668 2.6484388511442987 0 0 1000000000000
7.52278211676596 8.938135277090716 0 0 1000000000000
3.086981580830482 5.8775937384878425 0 0 1000000000000
-4.626545660882928 -8.453449828850124 0 0 1000000000000
-2.7545420491939883 8.423791400203179 0 0 1000000000000
5.283035401611711 0.5732385164518128 0 0 1000000000000
9.244977086490355 -2.6324411594087582 0 0 1000000000000
-4.473922521472775 1.7634331141790085 0 0 1000000000000
-5.343740299720283 -9.193898571328907 0 0 1000000000000
-5.509961618874875 -8.027359582494501 0 0 1000000000000
6.975923086688294 4.03248856420295 0 0 1000000000000
7.568612692666036 -0.13190155486315192 0 0 1000000000000
5.5092683630215085 0.5315047839370521 0 0 1000000000000
-2.077655515700208 5.2386160545108815 0 0 1000000000000
-4.265774774231781 -9.80861170140873 0 0 1000000000000
-0.23307033630389284 9.62739966959898 0 0 1000000000000
7.913387053895672 1.27882131417846 0 0 1000000000000
-9.18919053661619 -7.549793197875334 0 0 1000000000000
9.6890077535589 -9.42653031917942 0 0 1000000000000
3.531303991197568 -9.712809072114334 0 0 1000000000000
-3.1174747337516955 -1.7595831371592556 0 0 1000000000000
-8.582458370545039 -2.497213137241605 0 0 1000000000000
5.0022150806059 8.79514209417405 0 0 1000000000000
-2.4224361139382626 3.7075647505388147 0 0 1000000000000
5.377974869644085 -4.842706939443877 0 0 1000000000000
-0.6389296751343743 6.718934388936386 0 0 1000000000000
7.862191894557725 -7.241103356545309 0 0 1000000000000
4.483981955741443 8.22220031004624 0 0 1000000000000
-3.46605120537379 2.6577282394917905 0 0 1000000000000
0.5200231463982323 3.1149563858770364 0 0 1000000000000
0.6283878942321159 -1.1183157961047012 0 0 1000000000000
-2.4754956074036265 -1.20246245778457 0 0 1000000000000
9.325477018652187 -2.9690667679997906 0 0 1000000000000
-1.2184060479410448 0.3253050403979998 0 0 1000000000000
8.681539324580744 -4.905804524836929 0 0 1000000000000
-6.102146815417775 7.0445134923925465 0 0 1000000000000
-4.925665999263737 -1.909513494078599 0 0 1000000000000
3.7921461816842665 2.6951355462266857 0 0 1000000000000
0.37385706140745967 -3.0769262794529357 0 0 1000000000000
-5.47934774597257 5.567878454082631 0 0 1000000000000
8.897308757839351 -3.073089987678575 0 0 1000000000000
6.803941371905061 -0.3632421478505936 0 0 1000000000000
6.544645293226704 -1.5733451805669496 0 0 1000000000000
-8.387646338592615 0.5206271973773262 0 0 1000000000000
4.914013709098295 -1.0608545852994737 0 0 1000000000000
-7.918525168793038 6.422954392794541 0 0 1000000000000
9.10007864873787 -6.035571375596797 0 0 1000000000000
9.112085925238521 -4.860982330139569 0 0 1000000000000
3.843211950605328 4.021879908000043 0 0 1000000000000
5.6463028729629965 8.898066737670554 0 0 1000000000000
-7.948887170736407 -4.172190574810846 0 0 1000000000000
-5.1433325061191715 -9.087964595007552 0 0 1000000000000
-2.3586308925454063 -1.7278866380383917 0 0 1000000000000
-1.547877461350966 8.83713004456667 0 0 1000000000000
1.4422912419141891 5.7806844424251285 0 0 1000000000000
6.350412970657231 -1.9585666723423412 0 0 1000000000000
-1.1003723169952053 -7.322171687949835 0 0 1000000000000
-0.1965012359169922 0.46233313234768403 0 0 1000000000000
-1.5738870973026504 -8.093736706958346 0 0 1000000000000
-7.837769582007155 9.859860648391528 0 0 1000000000000
-1.9579945819051847 -6.597210847364597 0 0 1000000000000
0.028955916606335563 3.0367967732276924 0 0 1000000000000
-1.6495987133131038 3.0442857780271826 0 0 1000000000000
9.873564997795604 2.023145214571464 0 0 1000000000000
3.607742601162826 -5.262523883761158 0 0 1000000000000
3.7216246501344497 7.835445678023866 0 0 1000000000000
-7.414618182594692 -5.516652295552646 0 0 1000000000000
9.519735190499794 -8.993776160806817 0 0 1000000000000
3.195602960203349 8.465916557078458 0 0 1000000000000
4.372703270845273 -4.914780414083831 0 0 1000000000000
9.693217477723032 -9.427243272536948 0 0 1000000000000
9.073253360689854 7.302459077064995 0 0 1000000000000
-4.136992979642815 9.53685811178725 0 0 1000000000000
-8.281507080385675 2.035226996772561 0 0 1000000000000
-3.7022299667787113 4.479643479129411 0 0 1000000000000
-6.0622909457515295 8.821316350140012 0 0 1000000000000
9.029115968799708 6.135581439914802 0 0 1000000000000
-8.580771762540023 -6.646545396434114 0 0 1000000000000
4.895713501030068 2.7888756815383715 0 0 1000000000000
9.680582485001857 6.986577401725967 0 0 1000000000000
-3.1404058694681236 -1.334526831012834 0 0 1000000000000
-6.517389444922889 5.039779238160316 0 0 1000000000000
-8.810895525956294 -4.905633951893334 0 0 1000000000000
-4.877628344898697 -1.4908086088380479 0 0 1000000000000
-7.217426906206179 1.3736054348984634 0 0 1000000000000
6.936112905654316 6.790614855781648 0 0 1000000000000
-7.91959398259837 -4.165504466619117 0 0 1000000000000
-3.286053691492013 4.861994144467911 0 0 1000000000000
-3.1724798703672867 2.012688941262166 0 0 1000000000000
9.506853899197157 -6.625593284366602 0 0 1000000000000
9.592341562134497 -1.4800883923042214 0 0 1000000000000
3.148026465873029 4.110057758933159 0 0 1000000000000
4.538109918981494 1.0476159831207514 0 0 1000000000000
-0.4615789267393229 0.2481899336644755 0 0 1000000000000
4.296670549458517 -6.953084149949554 0 0 1000000000000
-9.566276800916725 -8.227302033380063 0 0 1000000000000
-8.940066299890827 -9.007436986278552 0 0 1000000000000
-4.727461871541301 -8.729943005326952 0 0 1000000000000
8.102461824451947 9.088878396716876 0 0 1000000000000
4.204206785515156 -5.635804543432283 0 0 1000000000000
4.024381226883445 8.748580336225828 0 0 1000000000000
-6.178764135421682 8.104310048069745 0 0 1000000000000
-3.09863370052261 0.2785866861614643 0 0 1000000000000
4.856962828523335 -5.342505015097494 0 0 1000000000000
-8.709166103804156 -1.6061514862970263 0 0 1000000000000
3.006884068264906 0.9997390386806355 0 0 1000000000000
-0.37603640492421775 -6.066880675306294 0 0 1000000000000
7.335100928258058 3.096045843751522 0 0 1000000000000
5.557957110625374 5.3707710138715985 0 0 1000000000000
2.068913742726359 -8.447820327190191 0 0 1000000000000
-2.7076321988836387 3.9591937242910706 0 0 1000000000000
-1.6822202539493976 -4.742608948976645 0 0 1000000000000
8.181178311241787 -0.02087272161837106 0 0 1000000000000
-5.24269025812667 -0.08774263472376909 0 0 1000000000000
0.2897581783079275 5.9247972936926026 0 0 1000000000000
-6.461137421917888 -8.685449732307378 0 0 1000000000000
-3.1221433860488457 7.189460495495123 0 0 1000000000000
8.48029053799982 7.792413233908746 0 0 1000000000000
3.08496759983284 -6.44058666919292 0 0 1000000000000
2.112746425687561 -6.282642062507826 0 0 1000000000000
5.212916797761828 -7.990029412096669 0 0 1000000000000
-4.668357177776727 -7.1377419223039755 0 0 1000000000000
5.5914414432308295 -1.6952356990239004 0 0 1000000000000
7.898695022106391 -9.200401391346242 0 0 1000000000000
7.677694131721559 7.572347982688978 0 0 1000000000000
-4.474546288583705 9.51677942401474 0 0 1000000000000
-1.9931736340651884 6.519090327003802 0 0 1000000000000
2.898349676324255 1.1859921503009918 0 0 1000000000000
0.9238491380828169 -6.30076748353539 0 0 1000000000000
-6.742706962996796 -5.132397784177149 0 0 1000000000000
-0.021334469884763507 -5.403639346904554 0 0 1000000000000
-6.605406835135835 -0.945464559941291 0 0 1000000000000
9.08554270479631 6.931592144483911 0 0 1000000000000
1.0713309888467233 6.379862348986965 0 0 1000000000000
-4.963528324921514 9.661363849953556 0 0 1000000000000
-1.8301468437398132 -6.6223473579377075 0 0 1000000000000
0.6217680316862051 8.682227315378675 0 0 1000000000000
2.822737450471278 1.6253641406349022 0 0 1000000000000
-7.199163542490787 8.97931041235243 0 0 1000000000000
0.28489952937406215 -7.474317228451097 0 0 1000000000000
3.3240045024552263 -9.52966535222306 0 0 1000000000000
-3.4021759550250614 -1.9902847402480646 0 0 1000000000000
0.9328226971364764 -8.321456823413389 0 0 1000000000000
7.4607370227348895 9.995045829556606 0 0 1000000000000
-1.7747095257566095 -6.500198923899607 0 0 1000000000000
2.086328715397574 -7.9244263546083875 0 0 1000000000000
0.6152902182479298 -6.0328279632291215 0 0 1000000000000
5.05161677884573 -0.9411093232433565 0 0 1000000000000
-3.0408476001312916 7.996943117842562 0 0 1000000000000
9.320011454515381 7.32821069115834 0 0 1000000000000
-5.088811931578558 9.466999744335524 0 0 1000000000000
-8.14292159514719 8.82228774907367 0 0 1000000000000
5.225634690038913 -6.284142506781714 0 0 1000000000000
-4.4107247174035535 -7.508160247717122 0 0 1000000000000
9.79761256316479 -9.431496139094449 0 0 1000000000000
-4.024869231321038 9.613883256912889 0 0 1000000000000
-0.6791176125333003 7.787146190123984 0 0 1000000000000
-3.7777442247008697 -3.0025480367549946 0 0 1000000000000
-2.769826243740896 -3.576466292660891 0 0 1000000000000
-7.349393439364937 -4.139356241094263 0 0 1000000000000
-1.9296107485709602 2.6007216522407823 0 0 1000000000000
5.211506861797348 -9.121629847405648 0 0 1000000000000
6.215152599665224 3.3147128660468557 0 0 1000000000000
-4.0145898638804045 -3.0520643815610438 0 0 1000000000000
-1.8721619431116174 4.270580822568498 0 0 1000000000000
-4.351027488016634 4.8373967242858065 0 0 1000000000000
-2.3546742653840695 4.2187766610412165 0 0 1000000000000
-5.039511343391028 -2.747558794549647 0 0 1000000000000
-0.2507249553623154 -0.7301518356127055 0 0 1000000000000
-0.33178614045017873 2.8224591513752024 0 0 1000000000000
0.9614268611147754 -8.730392039758144 0 0 1000000000000
-9.677497423413215 7.411000365711832 0 0 1000000000000
-8.956828638494907 -5.875674898466525 0 0 1000000000000
7.48659254541662 -4.791959563996889 0 0 1000000000000
-8.132449441526257 9.781880639304532 0 0 1000000000000
-7.500739347622716 -1.0084635117882783 0 0 1000000000000
6.807308361628735 -2.762227974710216 0 0 1000000000000
4.578884151592957 4.0122732122135645 0 0 1000000000000
-0.9132797936302133 -1.6272082520361302 0 0 1000000000000
-1.1591055377748845 -9.168570742875367 0 0 1000000000000
4.045367651379738 5.166509185317427 0 0 1000000000000
-2.759317331170193 -3.2781851101475716 0 0 1000000000000
-5.8725200157678925 -5.071421860810615 0 0 1000000000000
0.8335569990976825 6.7742654719472455 0 0 1000000000000
1.107090911355117 3.7567674974996024 0 0 1000000000000
-5.254819580153136 6.8023706392039 0 0 1000000000000
7.41491594819076 2.325839482058461 0 0 1000000000000
3.068737720158829 -1.9664332829364461 0 0 1000000000000
-7.478544327462913 -9.58236247682714 0 0 1000000000000
5.421793214604113 1.1483352789665346 0 0 1000000000000
3.05132729329455 3.479310891878873 0 0 1000000000000
8.27609946326189 2.5570007643352675 0 0 1000000000000
-7.0525863767750785 8.827722623588151 0 0 1000000000000
5.486632342142464 6.450587865987394 0 0 1000000000000
-3.009142597485628 8.635276248985303 0 0 1000000000000
-3.202269638347193 5.2343650260438785 0 0 1000000000000
-9.320110618793343 -9.655497936163664 0 0 1000000000000
9.696649044621552 -8.579972559132774 0 0 1000000000000
6.164266796442764 -7.190353903177722 0 0 1000000000000
9.836219030147927 -5.530123071081807 0 0 1000000000000
6.12390063892034 9.761965017093281 0 0 1000000000000
9.779181516432175 0.4049993718513871 0 0 1000000000000
1.3874917334511565 -5.682002264332404 0 0 1000000000000
-9.82533280023576 -8.15030303024972 0 0 1000000000000
-0.41807698282768513 8.630952604030938 0 0 1000000000000
-8.017988377722642 -7.563992743329296 0 0 1000000000000
-3.024715192804452 9.53653931664142 0 0 1000000000000
3.8828477190713997 -8.473252593420789 0 0 1000000000000
1.2419943771433104 -0.3042156236145246 0 0 1000000000000
4.34295232073179 6.638167715543066 0 0 1000000000000
-7.8752773529364895 5.731641264511698 0 0 1000000000000
-4.858180475128435 9.023008624737074 0 0 1000000000000
7.876113393385765 7.473509697742884 0 0 1000000000000
-5.059698832377386 6.538745835987562 0 0 1000000000000
1.7500275849600406 0.8966701158926185 0 0 1000000000000
-1.549113977019827 -7.932692107182728 0 0 1000000000000
-7.5693300914215245 3.628548179069213 0 0 1000000000000
7.674401882424004 -3.3259629809714735 0 0 1000000000000
3.7091473039042366 2.1055095254644858 0 0 1000000000000
5.284757717946736 -1.0922448405726577 0 0 1000000000000
-1.8863992670320062 -8.943552349719624 0 0 1000000000000
1.4936049563726357 -2.3894292220071183 0 0 1000000000000
-4.31531130253167 -3.470960041002149 0 0 1000000000000
6.479531821843775 -3.414615411857378 0 0 1000000000000
2.6574249740351767 -6.848088384954936 0 0 1000000000000
-8.515935431942822 0.6597468824038053 0 0 1000000000000
-1.2779512989277304 4.059914793161424 0 0 1000000000000
6.098954910940776 -0.5366843960177707 0 0 1000000000000
9.12840592643866 8.196334762259362 0 0 1000000000000
-6.3098900167390255 1.9035869794001634 0 0 1000000000000
-0.4038320877755588 -4.701590457221769 0 0 1000000000000
-9.09828072854326 -9.746938104812315 0 0 1000000000000
-0.9691035300232809 -6.308001219093285 0 0 1000000000000
8.43612901889253 0.020951597351466233 0 0 1000000000000
-6.586326882779449 7.7581350876623 0 0 1000000000000
6.244905937559416 -9.570204674106066 0 0 1000000000000
-4.785139434613422 6.97259296191714 0 0 1000000000000
6.2848497338833695 -8.291630424345035 0 0 1000000000000
3.80155959105851 -1.8996101758501371 0 0 1000000000000
-3.0336124045138284 -3.369577779671813 0 0 1000000000000
1.945663407598083 -8.093976481432357 0 0 1000000000000
-5.9903043121765815 5.615288653511605 0 0 1000000000000
5.991680629400488 -1.1860539262932832 0 0 1000000000000
-2.8715322768897718 -7.781628166894487 0 0 1000000000000
5.053809774468929 -4.635771551476964 0 0 1000000000000
-6.3826893383283645 9.952775921690936 0 0 1000000000000
4.6851854156262345 3.633735696256812 0 0 1000000000000
7.481697197448234 7.266454488835382 0 0 1000000000000
8.066282014345624 6.594234875596825 0 0 1000000000000
6.41305686364792 -0.5395762522023517 0 0 1000000000000
5.973735005177264 -2.414822850037252 0 0 1000000000000
-2.3286309994549352 -0.6621099370339145 0 0 1000000000000
-8.039893993594095 -8.412674004480467 0 0 1000000000000
1.1616268827804195 -3.741968613114393 0 0 1000000000000
-9.194511891320884 6.415943505002172 0 0 1000000000000
4.731557310473455 7.237474802230924 0 0 1000000000000
5.320107951500585 -8.652638975485633 0 0 1000000000000
-5.765503019589913 8.276419740100568 0 0 1000000000000
9.428060922327575 -8.733616073866862 0 0 1000000000000
7.377309318207157 9.163946079775641 0 0 1000000000000
-9.597315792329201 9.206929166401462 0 0 1000000000000
-7.3953860715209085 -4.374855037776289 0 0 1000000000000
-6.033504315202942 -9.87429051182727 0 0 1000000000000
-5.355094527690647 -9.455522301522707 0 0 1000000000000
-4.728839085486629 5.882378557585868 0 0 1000000000000
9.806397203333091 2.3362527051654283 0 0 1000000000000
6.052690144467054 -0.5975805681280999 0 0 1000000000000
2.5433061886188923 -2.726027815388572 0 0 1000000000000
-1.5518599231885872 4.931032987775708 0 0 1000000000000
7.1904225871359415 7.737906413314768 0 0 1000000000000
-1.1048215899887666 -2.813097188613243 0 0 1000000000000
9.832352851253656 -2.7093412141161437 0 0 1000000000000
8.254404467365287 -4.989248195029461 0 0 1000000000000
-7.196050996777985 1.3938545130608748 0 0 1000000000000
-8.031418470371978 3.4807813981193725 0 0 1000000000000
7.366043446947483 -6.266222968252615 0 0 1000000000000
3.838031602437118 1.2564283376406156 0 0 1000000000000
3.5791346074888324 0.19680956575274067 0 0 1000000000000
-3.484780050645009 -2.951386303097088 0 0 1000000000000
8.670586012935864 0.3513540093329155 0 0 1000000000000
-9.163420799546007 1.3151343104102775 0 0 1000000000000
3.7639732861638855 8.214816742804604 0 0 1000000000000
7.275405358253305 -1.9578947188871094 0 0 1000000000000
3.157486339976307 -3.7546303465553255 0 0 1000000000000
-6.718535747467193 -0.11817338392118693 0 0 1000000000000
8.554092020567161 -0.5422411120661117 0 0 1000000000000
3.6844162572965917 -0.5843082288186441 0 0 1000000000000
-2.6420087446963976 4.563799318063605 0 0 1000000000000
-8.55739419925693 5.448454002680091 0 0 1000000000000
-7.1001545041921315 2.811622624350008 0 0 1000000000000
2.457747955590756 -2.5800847348688016 0 0 1000000000000
-5.706693755150458 4.8247333144891 0 0 1000000000000
7.174690238639606 -9.918499103749106 0 0 1000000000000
-7.017135362749771 9.89963734967326 0 0 1000000000000
-9.519338728444172 1.253097059901517 0 0 1000000000000
-4.20044628738329 7.148263708243363 0 0 1000000000000
0.9174399105291968 2.4742270548387992 0 0 1000000000000
-2.9994501666711804 -8.153636560795533 0 0 1000000000000
4.706014042802515 6.03357513683887 0 0 1000000000000
-1.039558687641442 -9.1065474661754 0 0 1000000000000
4.115218736639578 4.843775349444943 0 0 1000000000000
-5.835288759507193 -2.841896245832838 0 0 1000000000000
-2.8551395892241693 1.6491212750731403 0 0 1000000000000
-5.077736020448491 7.201171565971329 0 0 1000000000000
1.6609837662667317 9.451692161401297 0 0 1000000000000
-4.291579107842125 -8.945638673346535 0 0 1000000000000
-5.840988086198216 -1.4491502118663 0 0 1000000000000
8.01269472083731 -7.877195906477978 0 0 1000000000000
7.2688359060989 3.98066768783238 0 0 1000000000000
-3.5743191163702015 4.921594047091256 0 0 1000000000000
-8.81283114020752 8.932748185772049 0 0 1000000000000
6.850877130612119 -8.556961940022749 0 0 1000000000000
3.840112513428263 -0.6794706469082517 0 0 1000000000000
-4.135898747407896 5.698408264302765 0 0 1000000000000
2.2255327100258597 -6.3525400966673224 0 0 1000000000000
-0.02376678107943242 -0.19842250711802834 0 0 1000000000000
-7.918038200014412 -7.317251025961329 0 0 1000000000000
4.123982091111078 -3.573535103210266 0 0 1000000000000
-3.4951481270685942 5.913460862803131 0 0 1000000000000
-9.759878370990133 9.66348156930912 0 0 1000000000000
-6.81978358694929 -8.677256220791076 0 0 1000000000000
4.072526969197137 7.472882882806658 0 0 1000000000000
1.7938698383296714 -7.330053996235801 0 0 1000000000000
-3.0968715021165156 7.659388536445611 0 0 1000000000000
6.681763225597759 0.8277631176494271 0 0 1000000000000
-5.595463514940036 8.033090917102925 0 0 1000000000000
-9.525190277560554 3.419653156796908 0 0 1000000000000
0.23794893105139536 0.20997246499390876 0 0 1000000000000
-5.8266946123354035 9.883069916236234 0 0 1000000000000
5.128069577258303 -3.5587629469713677 0 0 1000000000000
8.446689114804322 4.950073394263084 0 0 1000000000000
7.716069109964682 5.520806939308841 0 0 1000000000000
3.0255322965389198 -6.247344387912472 0 0 1000000000000
-3.264789428656818 3.9627245244621143 0 0 1000000000000
-3.7271396553953684 -9.859438658173802 0 0 1000000000000
-5.3978773235379185 -7.976875217093564 0 0 1000000000000
1.9161144995943165 0.3832702267958368 0 0 1000000000000
7.448188377676537 -0.24357328181700488 0 0 1000000000000
-5.4965397266361045 2.7866612874040104 0 0 1000000000000
-4.426936331405087 5.085553713264472 0 0 1000000000000
-5.2351954513167716 -3.9162685612181143 0 0 1000000000000
2.8641716991061514 -3.7859060718714304 0 0 1000000000000
-7.988387926394727 5.42761699698309 0 0 1000000000000
-4.301915769556086 1.5885833977028128 0 0 1000000000000
9.912797689676072 -0.5404015166486538 0 0 1000000000000
2.5466001820385387 9.258094445926936 0 0 1000000000000
2.121429094994765 -7.641608218356617 0 0 1000000000000
-5.03918210109881 3.4626562122671274 0 0 1000000000000
-9.583564048337097 -0.4138304524777787 0 0 1000000000000
-8.193647705980291 -9.189971439842699 0 0 1000000000000
-5.539981476103417 -4.774388192444481 0 0 1000000000000
-0.6459672100949909 5.1916806699110225 0 0 1000000000000
9.095992322526953 3.8658207504593314 0 0 1000000000000
7.246050147135669 4.804932908413971 0 0 1000000000000
4.074326452671393 -4.233857659600315 0 0 1000000000000
-3.028131398065521 6.531839905575019 0 0 1000000000000
3.3969460123294333 3.916121043821361 0 0 1000000000000
7.113304190574517 3.4717568954732254 0 0 1000000000000
-9.945546089979427 -3.8395983285982727 0 0 1000000000000
-2.197617901883781 4.0595780539002 0 0 1000000000000
9.960544203718598 -6.194304554986962 0 0 1000000000000
-1.8070167297736912 -0.1333964785155768 0 0 1000000000000
-4.958047218903667 5.519279902400392 0 0 1000000000000
9.646272805012185 9.836468564163457 0 0 1000000000000
-4.941251851299362 9.744742274680274 0 0 1000000000000
7.837883745245151 -7.991186227214568 0 0 1000000000000
9.902786756469762 7.07623546725134 0 0 1000000000000
7.281036122134456 -0.1671086106586106 0 0 1000000000000
-7.038717983926405 -3.2936870912222105 0 0 1000000000000
-6.1863531115315755 -7.45774000613374 0 0 1000000000000
-6.993861584356256 8.23482546887233 0 0 1000000000000
3.7349981277804645 1.4752511038651388 0 0 1000000000000
-9.773062968715053 -4.7470292888858 0 0 1000000000000
-1.4923319479885588 -7.641907484892698 0 0 1000000000000
-8.86861054978666 9.310913808388715 0 0 1000000000000
9.496477293436286 0.9994893364286241 0 0 1000000000000
-3.710289026241764 -5.648207951209889 0 0 1000000000000
9.82026603234091 4.349691655136711 0 0 1000000000000
5.353536983533079 3.811888902104103 0 0 1000000000000
-3.8768488161071986 -0.07419931794562196 0 0 1000000000000
0.31996299424027796 7.344196505882394 0 0 1000000000000
-0.4015788831957128 -5.934170103190826 0 0 1000000000000
-6.7423060650577815 2.244521470929703 0 0 1000000000000
-5.983422703670915 1.8733190191833664 0 0 1000000000000
1.2252530304871083 -3.4834998669417665 0 0 1000000000000
-1.0810032990409457 2.3669261375250787 0 0 1000000000000
-9.64268484570666 -1.8513849373887243 0 0 1000000000000
4.540137407207723 -0.42966947284572754 0 0 1000000000000
7.1716670354941705 4.215613553336745 0 0 1000000000000
-9.499141916984748 -6.529505053865458 0 0 1000000000000
-3.1516120227330084 -6.763548762302949 0 0 1000000000000
9.092264651578311 5.443988762637668 0 0 1000000000000
-1.9653671959662162 3.09333277687411 0 0 1000000000000
-3.363268057904687 -4.82258677268208 0 0 1000000000000
7.625328719603523 1.170546922731127 0 0 1000000000000
7.135921765132231 -8.658358984721687 0 0 1000000000000
5.657622161110238 -6.017139236971554 0 0 1000000000000
-3.5215400216746495 -4.946007403889869 0 0 1000000000000
1.0934078538872036 -0.671161348186855 0 0 1000000000000
-7.270796870272072 0.21296159438346862 0 0 1000000000000
5.388468795897662 -3.1101370623643803 0 0 1000000000000
-7.333186081546977 -4.046340483908555 0 0 1000000000000
-6.4790930869750385 2.0677435230729984 0 0 1000000000000
7.262603024529376 1.5486187879703888 0 0 1000000000000
0.728155445015723 -4.634285219100485 0 0 1000000000000
-5.173551513787125 3.6158857100440382 0 0 1000000000000
3.6538355119149717 6.777773989677613 0 0 1000000000000
6.741052694354785 -3.299319134651453 0 0 1000000000000
-8.609661926075901 7.176235792543832 0 0 1000000000000
-0.7792068036021416 9.953176871282071 0 0 1000000000000
4.62441305482219 -0.3588369226058479 0 0 1000000000000
1.8512675387399646 3.7031341769563078 0 0 1000000000000
-2.5284624659383903 3.7274164629408837 0 0 1000000000000
6.911121510512018 8.290521752210338 0 0 1000000000000
-7.425817424543775 -7.635605273722595 0 0 1000000000000
-9.41876977641284 -5.551257999322843 0 0 1000000000000
7.739225500795378 -7.4784188802896985 0 0 1000000000000
-2.8600002444767947 6.570441633927842 0 0 1000000000000
-4.139441168629352 4.111661177368763 0 0 1000000000000
-4.476884161263142 -0.5854664208742388 0 0 1000000000000
2.65003336275562 6.131027587472982 0 0 1000000000000
7.925850119789761 -1.1956759749563481 0 0 1000000000000
-9.843068232467125 -8.671226653209235 0 0 1000000000000
-7.590338768284948 4.992289180222498 0 0 1000000000000
-0.44332762805454173 -1.0915727667982456 0 0 1000000000000
9.277460876196905 -2.7356763281415404 0 0 1000000000000
6.504869184341619 -3.9165621172335303 0 0 1000000000000
-5.9230028506199766 8.877839344267997 0 0 1000000000000
-9.575047504081153 6.279286314648985 0 0 1000000000000
-2.22982778754659 -4.073615165855191 0 0 1000000000000
-8.5349135722048 -7.9047976697733375 0 0 1000000000000
8.733466309421715 -8.328497106222603 0 0 1000000000000
1.9512662678916577 -3.8077891275543863 0 0 1000000000000
4.35089398963518 -2.765909910045366 0 0 1000000000000
2.8705982332943325 7.229268233806472 0 0 1000000000000
8.38919531346692 -2.7866277304580773 0 0 1000000000000
-2.1493634031081683 -7.117970702613774 0 0 1000000000000
4.78878442965472 -9.46431342421024 0 0 1000000000000
5.5278983450204855 2.4270543011958665 0 0 1000000000000
-2.2597865715664245 -4.991905434532342 0 0 1000000000000
9.278908860848073 -1.3955473550453021 0 0 1000000000000
-6.593323504993434 -1.607955193276002 0 0 1000000000000
8.879413023616117 7.712912878396338 0 0 1000000000000
0.22901534721361827 2.544091370118908 0 0 1000000000000
1.4653008180066802 -8.761430011954115 0 0 1000000000000
-1.5355330228978197 7.444608083962176 0 0 1000000000000
4.805564709682766 8.917200461413358 0 0 1000000000000
-5.501327026233442 0.44017289893325895 0 0 1000000000000
4.001109384325488 8.887617913797573 0 0 1000000000000
9.669103754482546 0.8558834948928293 0 0 1000000000000
5.8697282076529795 4.448276794143272 0 0 1000000000000
-2.467344213951441 -4.987959030293359 0 0 1000000000000
-1.3778930255376238 9.91249206305703 0 0 1000000000000
6.318821131424006 9.431540448250267 0 0 1000000000000
8.511360564997037 2.3398207915917766 0 0 1000000000000
7.498734403671673 -7.704079214330218 0 0 1000000000000
0.1288259113877217 9.570937251228916 0 0 1000000000000
-5.54205992140552 -3.156604615798737 0 0 1000000000000
-7.605034473797008 6.572249145384447 0 0 1000000000000
-8.025054278013481 7.612792452796345 0 0 1000000000000
-1.131678432182353 -2.7433249139136695 0 0 1000000000000
7.485621299064125 -3.9283767165805266 0 0 1000000000000
1.4822583168925831 8.952863744029898 0 0 1000000000000
-0.7841054163922845 9.421310176709426 0 0 1000000000000
9.039375138072142 4.376320222596066 0 0 1000000000000
1.5318395424581617 4.321992337898715 0 0 1000000000000
6.815333580225634 -0.5861972326409024 0 0 1000000000000
0.5296793493251055 2.0727355996854726 0 0 1000000000000
4.55905997623638 -2.195282642246717 0 0 1000000000000
-1.0378475089050738 1.9307347981918443 0 0 1000000000000
-3.6475849602071975 -4.400820249033264 0 0 1000000000000
-6.015182239144488 7.670094212140675 0 0 1000000000000
7.839672245713924 -2.0734310142321917 0 0 1000000000000
-9.89493978631347 1.5449876180638853 0 0 1000000000000
9.489324394440906 4.1156890711743905 0 0 1000000000000
5.637957408548397 -3.1675196683561913 0 0 1000000000000
7.139343925541507 3.183367236358155 0 0 1000000000000
-2.8755749689826793 2.792568566941071 0 0 1000000000000
-8.215959751319383 3.0888507965171463 0 0 1000000000000
-7.718792252495064 -7.598542100750533 0 0 1000000000000
-6.184682880831676 -9.981943183706772 0 0 1000000000000
0.919718461048566 -0.9228998840088529 0 0 1000000000000
9.483144034446497 2.729508834611531 0 0 1000000000000
1.0500475566790755 -1.924941411497354 0 0 1000000000000
-9.192977159105524 3.3398528743203357 0 0 1000000000000
-0.5875805913887859 5.421972343451696 0 0 1000000000000
-9.204059208052517 7.586348938871879 0 0 1000000000000
-5.166332064001217 -6.958152196503962 0 0 1000000000000
2.1163642314767035 -6.073458398319287 0 0 1000000000000
1.6746162599834875 -4.845033211007674 0 0 1000000000000
-9.410455586184343 8.14922508113721 0 0 1000000000000
2.7864389221903796 6.459976949461911 0 0 1000000000000
2.2240981033482736 3.360967107578329 0 0 1000000000000
9.75943550081358 -9.77457169793819 0 0 1000000000000
-9.072451450033395 2.5396700516591952 0 0 1000000000000
-4.479721694575403 -8.251804583400371 0 0 1000000000000
7.94839980625974 -5.212084533374406 0 0 1000000000000
-9.775619226300202 0.5339799158171701 0 0 1000000000000
2.430307986541253 3.0050014281138218 0 0 1000000000000
2.3513716820243307 -2.874048454169717 0 0 1000000000000
-5.406848426475679 -5.8495460248685704 0 0 1000000000000
8.487170259689442 8.453035443819104 0 0 1000000000000
0.18730004149158042 -1.4047419653592499 0 0 1000000000000
7.114720094777013 2.9356259843262595 0 0 1000000000000
5.394973650884092 -7.3409788647786804 0 0 1000000000000
-2.1476785795956825 1.15636576394553 0 0 1000000000000
-0.5582342147732096 3.432429908453914 0 0 1000000000000
9.222804793613754 -1.4506899912295008 0 0 1000000000000
-5.721160007535544 5.833760435152932 0 0 1000000000000
3.1409251925379778 5.5812634318099725 0 0 1000000000000
0.03404400976178401 -8.27537152530305 0 0 1000000000000
6.6804224124234395 -2.40854798432718 0 0 1000000000000
4.681276640496311 5.957529451697159 0 0 1000000000000
1.4634296501928183 1.0776763358954184 0 0 1000000000000
6.133592782626799 0.24572026177182593 0 0 1000000000000
-7.418769531852454 -8.506768874511916 0 0 1000000000000
5.419046196033932 2.011482762452168 0 0 1000000000000
-9.551401734380907 8.290249477120902 0 0 1000000000000
-2.4635170919609717 -9.114496739631111 0 0 1000000000000
3.6249530254400497 2.2964745434304668 0 0 1000000000000
-6.135927455506838 -2.4522981567055986 0 0 1000000000000
-4.223201086242279 6.371991807636846 0 0 1000000000000
-8.163388901095809 -5.420064959033571 0 0 1000000000000
-5.7864255786441054 -0.31762667110872833 0 0 1000000000000
2.0809524738602985 3.753811781740289 0 0 1000000000000
-5.62245557219142 -9.227925283964076 0 0 1000000000000
-2.186318833850562 6.43377051069341 0 0 1000000000000
5.963264449495414 -3.3728330086131253 0 0 1000000000000
6.3673629007702885 2.21554531046454 0 0 1000000000000
8.890174155347644 7.385311240230621 0 0 1000000000000
-7.107104072201529 8.51614336109946 0 0 1000000000000
-0.29539628923983763 -2.6591376003604728 0 0 1000000000000
-3.394154411356636 7.859367879272668 0 0 1000000000000
1.9711710474709658 1.0347345510333632 0 0 1000000000000
-5.219714016885142 -5.968697078276792 0 0 1000000000000
-4.906562891340176 -6.277972441219999 0 0 1000000000000
0.32781839206834107 2.539113859241432 0 0 1000000000000
0.035435365429217214 4.623315176433094 0 0 1000000000000
3.91302601905959 -2.1084242623489624 0 0 1000000000000
9.700019794752773 8.911449676390646 0 0 1000000000000
-9.525188397715267 -1.9748102730218555 0 0 1000000000000
-3.239066093806331 -0.7387524860816068 0 0 1000000000000
-5.268734132290927 -5.144379451324276 0 0 1000000000000
-8.02923143945076 -4.679635411548697 0 0 1000000000000
9.994389437958638 -9.144508735002724 0 0 1000000000000
0.6194777154546856 -5.9204167750511445 0 0 1000000000000
-8.574125435832983 -1.0872744694385883 0 0 1000000000000
0.18008781515279182 -9.629412743835841 0 0 1000000000000
3.636688619587474 -1.126698440200018 0 0 1000000000000
6.988692769589534 -4.703970203987833 0 0 1000000000000
2.9079121554528697 -7.537056304331022 0 0 1000000000000
-7.269620826050707 -9.96984143351707 0 0 1000000000000
7.456311513822886 -8.413617245951626 0 0 1000000000000
6.8523223628052286 -3.2316153443239504 0 0 1000000000000
-7.561067751960069 -0.5608780683785035 0 0 1000000000000
-7.508366993016931 -4.595958363148851 0 0 1000000000000
-8.852642959021805 -7.2177064718563795 0 0 1000000000000
-1.446378025619552 4.19515701352088 0 0 1000000000000
-9.011762746974778 5.14929666311688 0 0 1000000000000
6.166178038167384 8.959167775114665 0 0 1000000000000
2.9609806151128826 -6.997753383836985 0 0 1000000000000
-9.622415900175334 -8.798138174608717 0 0 1000000000000
5.705692739574635 6.573893335824156 0 0 1000000000000
-8.112037140777826 2.62680447666437 0 0 1000000000000
2.1568332038234743 -8.760495081097943 0 0 1000000000000
-5.284063009927673 0.6824608248380102 0 0 1000000000000
6.796841133814798 9.961471960949254 0 0 1000000000000
-1.998027972413274 2.0594596035816704 0 0 1000000000000
-9.664251891942124 -7.926374341540434 0 0 1000000000000
-3.0410560307535768 -0.6883529508722841 0 0 1000000000000
-1.1254808432136336 -0.7466436975639805 0 0 1000000000000
2.786106216366086 3.036687556105093 0 0 1000000000000
4.683740860463939 -7.302860886269382 0 0 1000000000000
1.3630131798385943 -8.86612005495072 0 0 1000000000000
-3.547423861248382 -2.3184036326558672 0 0 1000000000000
-9.519837786083194 -3.8563290624226143 0 0 1000000000000
6.026047685306235 -7.450765116124877 0 0 1000000000000
2.5330888349470584 -7.042061586300372 0 0 1000000000000
3.965288948206279 9.479043423191978 0 0 1000000000000
0.9973969335672983 -3.6489963698661487 0 0 1000000000000
-9.341149675982855 6.799496168790945 0 0 1000000000000
-7.42157532420342 1.4619626621227475 0 0 1000000000000
-1.5463477101029568 -3.041582326891426 0 0 1000000000000
5.769243371693998 -9.531599183618052 0 0 1000000000000
-6.988395324250856 -8.500176578543341 0 0 1000000000000
5.049395928375711 -3.273467514594193 0 0 1000000000000
9.151463962863247 3.263523420805372 0 0 1000000000000
-2.2376713750657125 -3.7245256687468924 0 0 1000000000000
-1.7480776854032811 3.6096756103093774 0 0 1000000000000
-4.377481908432941 -1.9057877422088136 0 0 1000000000000
-5.2850817251764415 5.357241681796172 0 0 1000000000000
9.030587915109823 -7.374074613775557 0 0 1000000000000
1.3018219099799833 -2.2864554109172524 0 0 1000000000000
-9.738286080229976 8.933986944241383 0 0 1000000000000
-5.717796392115478 -1.713376660010839 0 0 1000000000000
8.472475555694317 6.015607562744357 0 0 1000000000000
-8.958582202067163 0.7545825505989452 0 0 1000000000000
6.5552424189445695 -8.0268158958768 0 0 1000000000000
-9.238616770236153 4.762054021353364 0 0 1000000000000
-4.551184427800379 7.677112122575622 0 0 1000000000000
-9.29425614806937 6.698023363938802 0 0 1000000000000
6.878550777491196 2.427690265871181 0 0 1000000000000
-4.268246410762398 7.111730888586422 0 0 1000000000000
-6.711757631605777 -2.236169926356859 0 0 1000000000000
3.7874380485326036 -3.4407247800929053 0 0 1000000000000
-9.917922333470928 -5.570640723139471 0 0 1000000000000
4.120710397502352 8.903756594749503 0 0 1000000000000
6.456856994561594 9.037249699462674 0 0 1000000000000
-0.3721980566238692 6.3815194699935205 0 0 1000000000000
-8.087011984633763 -5.062932516366663 0 0 1000000000000
8.39150442420738 -4.735416800066485 0 0 1000000000000
-1.2748792553372645 -7.515415666433083 0 0 1000000000000
-0.3544935353989267 8.826318485394292 0 0 1000000000000
1.303133319107184 -7.866419540473084 0 0 1000000000000
-7.340530877672244 -5.4622668315448 0 0 1000000000000
8.162489496106534 8.745148159123175 0 0 1000000000000
-9.162696836023647 8.060339613766125 0 0 1000000000000
8.961505006807059 -9.903550415121863 0 0 1000000000000
8.305503589740269 5.516036723384762 0 0 1000000000000
3.3239480354976365 1.5570934741818139 0 0 1000000000000
2.89414077245997 -2.903106287679611 0 0 1000000000000
-9.976437634476111 9.960111606141385 0 0 1000000000000
7.077601528595135 8.100219653460943 0 0 1000000000000
3.703692316326059 5.93225645399405 0 0 1000000000000
8.119203213432137 -0.22817077916357498 0 0 1000000000000
-3.5721510460329657 0.6643319241486179 0 0 1000000000000
-5.913861098020449 3.7994412307765586 0 0 1000000000000
6.759256181156864 6.133127974444729 0 0 1000000000000
-1.1840854168626525 3.94441048453621 0 0 1000000000000
6.482159181621764 7.119647482880104 0 0 1000000000000
4.516955601441637 1.5000627111846967 0 0 1000000000000
-4.303630639759335 -5.031826921176663 0 0 1000000000000
1.1217987118798707 -6.857160746040522 0 0 1000000000000
-3.4278230198042614 -2.2394205992070386 0 0 1000000000000
5.140924229766277 8.22824043303904 0 0 1000000000000
9.022721075352429 6.949058401384917 0 0 1000000000000
-6.933582502097075 5.832374096002262 0 0 1000000000000
2.177018192721196 -5.09625724015801 0 0 1000000000000
6.432284818499458 9.868029321727033 0 0 1000000000000
8.816325168194918 6.098218995439112 0 0 1000000000000
-9.239538658981385 -0.8171372877306116 0 0 1000000000000
-8.062108190407058 -5.28308806374818 0 0 1000000000000
8.940725971399793 7.374754227566125 0 0 1000000000000
-7.092616409026213 1.9930361587695096 0 0 1000000000000
-1.5475470305158385 -2.0299736109123927 0 0 1000000000000
-4.138759010612203 -6.37985693593005 0 0 1000000000000
-5.476500017157047 -2.268128874404054 0 0 1000000000000
-6.485451738430492 8.602984444857888 0 0 1000000000000
-9.130333423223787 -6.658715771557002 0 0 1000000000000
-1.3190548922784995 -3.896869668189902 0 0 1000000000000
-7.286882215538433 0.008205969126574786 0 0 1000000000000
-6.127901407744972 -9.066521345444404 0 0 1000000000000
2.3693764604964347 7.579964383668983 0 0 1000000000000
-9.098154076848505 -3.85269375785734 0 0 1000000000000
-2.7130134839691067 -6.800232256742662 0 0 1000000000000
4.349265089736479 9.278524791254704 0 0 1000000000000
-8.069483343555264 -4.766421945688175 0 0 1000000000000
-9.260107847612826 6.541239796553512 0 0 1000000000000
-0.4247523277549785 8.265321784848304 0 0 1000000000000
5.634028989107316 5.315281616139586 0 0 1000000000000
-7.094878600648586 7.254805278507806 0 0 1000000000000
-3.292975879089351 -4.950366413761915 0 0 1000000000000
-9.691068219778423 -2.422213749353146 0 0 1000000000000
2.1739852823221444 4.617105660046704 0 0 1000000000000
-2.971209297837289 -4.029197846582657 0 0 1000000000000
2.246582805147799 7.6366963270277495 0 0 1000000000000
-9.250621044039635 4.228035652281552 0 0 1000000000000
9.289692607397527 -2.8480622773168314 0 0 1000000000000
8.02655614210737 5.8049322687605365 0 0 1000000000000
-5.478160958830456 0.9997683199530609 0 0 1000000000000
-4.710003303083353 -0.7245836526063663 0 0 1000000000000
9.84145928913437 -4.163365156819814 0 0 1000000000000
7.995108116580141 1.0606051348928744 0 0 1000000000000
7.846841361804152 4.347458456302146 0 0 1000000000000
-6.063866159851203 -0.6891985583092577 0 0 1000000000000
-2.4271310039446785 -3.125259073283182 0 0 1000000000000
-7.712235104590775 3.6293905616393847 0 0 1000000000000
2.56587803110677 -9.699134100580943 0 0 1000000000000
-4.12223427626083 -0.10074298059448772 0 0 1000000000000
3.556401549860521 -6.091036903820988 0 0 1000000000000
3.7788678754247584 -6.088031210433336 0 0 1000000000000
5.220715457026001 -4.355226485726371 0 0 1000000000000
1.9108729283480201 -2.625600684052724 0 0 1000000000000
-7.221225444497243 -9.750443530846143 0 0 1000000000000
-9.301876709500247 6.116305681519883 0 0 1000000000000
-6.953336458351846 -4.209253478266739 0 0 1000000000000
-3.3315619229760163 1.418234418908959 0 0 1000000000000
2.538708642109615 1.2650918808401173 0 0 1000000000000
-6.555975478956107 -2.574463105969487 0 0 1000000000000
-9.220543952795788 1.9279113363513982 0 0 1000000000000
7.565876386628446 0.3226894801805358 0 0 1000000000000
9.39994950554484 4.889884824677594 0 0 1000000000000
2.0696993445468426 8.752321515338828 0 0 1000000000000
8.276360041836057 -4.733087470734787 0 0 1000000000000
-6.496320838404619 8.145342366402708 0 0 1000000000000
3.1640871762958245 7.499679988814265 0 0 1000000000000
-7.440406973141251 0.1460516333697619 0 0 1000000000000
2.4231839899904255 -3.1344376374415965 0 0 1000000000000
5.245477628680321 -4.204589155079019 0 0 1000000000000
7.4501624498647665 -0.9730722100385769 0 0 1000000000000
-6.808813243937122 3.145279118548361 0 0 1000000000000
-0.47252281646348315 -4.878815024812617 0 0 1000000000000
8.962244323042281 -8.563643566000605 0 0 1000000000000
3.293091794743731 5.016039054626047 0 0 1000000000000
-2.0460554183378594 -8.973664898396551 0 0 1000000000000
4.62107740720743 5.419371105429242 0 0 1000000000000
6.375274376901736 3.1975125630852936 0 0 1000000000000
-0.7356060494759387 -4.2680020600317565 0 0 1000000000000
1.821570163223429 -7.66094369790443 0 0 1000000000000
-4.88910248780037 5.578548279825737 0 0 1000000000000
-2.5137155562016034 -3.4908786666989684 0 0 1000000000000
-7.211597943839319 1.869255701178517 0 0 1000000000000
-2.363185338700971 -3.5721264145579967 0 0 1000000000000
-3.8299304139567436 -9.696872630169388 0 0 1000000000000
1.8635515798026532 3.9453081740188765 0 0 1000000000000
0.3326822490323611 -0.9229138452963763 0 0 1000000000000
-0.7073193462347067 -9.032608914477361 0 0 1000000000000
-2.849440349729835 9.578952652654518 0 0 1000000000000
-6.694898676269512 6.427491096788927 0 0 1000000000000
5.178175210320148 4.6973553884541825 0 0 1000000000000
4.739623205084943 7.483564105438763 0 0 1000000000000
1.383269444676639 -0.940742001047024 0 0 1000000000000
8.234930963645393 8.800593226368296 0 0 1000000000000
-7.587245712252382 0.2615909597996051 0 0 1000000000000
-8.77881005565478 -2.9055907707116724 0 0 1000000000000
-6.5368915930836184 -2.0936133284745644 0 0 1000000000000
3.252334511868412 -0.49956197618703513 0 0 1000000000000
-6.575490617803112 -6.108341033848969 0 0 1000000000000
6.530896441344208 4.764045568839876 0 0 1000000000000
-1.3775716792065325 6.361051785036235 0 0 1000000000000
-0.3183121943032745 7.802223404893304 0 0 1000000000000
1.2739140097101203 -2.8463201540694616 0 0 1000000000000
-8.29229377973913 -0.013087042999572418 0 0 1000000000000
5.603360597231353 -8.658552357804151 0 0 1000000000000
2.7862970231191007 8.286283943793336 0 0 1000000000000
-4.377956698552062 4.57296318079532 0 0 1000000000000
5.698173449875053 -6.505392625878111 0 0 1000000000000
-8.071972207213957 1.3104521446016975 0 0 1000000000000
-8.10866769173077 -0.8723801197083141 0 0 1000000000000
0.3462398175271293 -0.6502114238299797 0 0 1000000000000
6.129965885328794 2.5649015605873604 0 0 1000000000000
-9.814679420068494 3.5260419252658473 0 0 1000000000000
0.5063591773630982 -9.21107404536909 0 0 1000000000000
5.272111874124398 5.5176677597753 0 0 1000000000000
-3.1459175949460993 -0.7984005342928313 0 0 1000000000000
-8.240794536746826 0.3374411111660045 0 0 1000000000000
-3.9746819943760787 -6.642283708851043 0 0 1000000000000
5.901795463262866 2.7614307062669052 0 0 1000000000000
-1.8126366393511688 -8.462177833917773 0 0 1000000000000
7.941201335330302 1.4661744035593145 0 0 1000000000000
9.216750419088989 -3.7586011115049196 0 0 1000000000000
0.5456775825981985 -9.772569051014862 0 0 1000000000000
3.0596427486803606 9.6870094870295 0 0 1000000000000
-7.82714598291363 9.760611824915479 0 0 1000000000000
-1.9076454024903704 -5.851192731827803 0 0 1000000000000
-1.6020273892344417 -6.430790246190112 0 0 1000000000000
3.914759439991773 5.532169241380851 0 0 1000000000000
-2.3047800627193293 3.7757518536224275 0 0 1000000000000
2.3450170450651804 -8.2404010603015 0 0 1000000000000
-1.7235111804937233 1.0052092694540526 0 0 1000000000000
-8.956922722647988 1.4240155350664416 0 0 1000000000000
2.183513131641618 -3.2140163996850246 0 0 1000000000000
0.8970714440969214 2.2976109806639897 0 0 1000000000000
1.83922931970349 -5.509807278996998 0 0 1000000000000
-6.5858279661418955 -5.581546055259214 0 0 1000000000000
-2.1594227688939327 0.18392952012629848 0 0 1000000000000
-3.8481335747708822 1.5771911363661868 0 0 1000000000000
1.8221446645093806 2.7035798330154073 0 0 1000000000000
3.7155365738677517 9.46725274596928 0 0 1000000000000
4.321217334375492 -8.859298860071675 0 0 1000000000000
-8.597404466266074 -0.422967881002565 0 0 1000000000000
-2.510200345950045 -5.743919316800761 0 0 1000000000000
0.23963095064452666 8.987647292380274 0 0 1000000000000
-7.262742073779281 -8.936373093726655 0 0 1000000000000
9.109399078516496 -5.459319061810104 0 0 1000000000000
-9.943301471124883 -4.172111352093351 0 0 1000000000000
-0.06305514423898018 -4.180631835188791 0 0 1000000000000
-3.1204354442215525 1.5345893146257907 0 0 1000000000000
-1.8809250812789529 3.0854713504360536 0 0 1000000000000
-0.47373304837259944 -6.5524764898904 0 0 1000000000000
-3.6184658792231357 8.617460444584463 0 0 1000000000000
-2.3164123232833127 6.523139226350615 0 0 1000000000000
8.234437594188538 5.984899986787449 0 0 1000000000000
3.9286909341518346 -4.705781047189688 0 0 1000000000000
-2.4184341408087313 7.400555626305195 0 0 1000000000000
-8.141365188640233 -0.519095205639367 0 0 1000000000000
7.505311619265971 9.389301275373075 0 0 1000000000000
8.048692080561871 -6.902723351600044 0 0 1000000000000
6.074451617100664 1.6620350772126358 0 0 1000000000000
1.6317494099229073 4.916840023557846 0 0 1000000000000
0.5838522050396229 -3.4678876084976595 0 0 1000000000000
7.231021152634128 -4.561430299714601 0 0 1000000000000
3.5326000332826606 3.2430149494587095 0 0 1000000000000
-5.0778820572564864 2.371238004318581 0 0 1000000000000
1.177764183874599 -5.6660053683284435 0 0 1000000000000
9.423590261263389 -7.962143688330283 0 0 1000000000000
0.24788598879388246 7.046623866206147 0 0 1000000000000
-4.915204347886988 0.5360065044368518 0 0 1000000000000
3.919154656684272 2.4795896391701113 0 0 1000000000000
4.6794152162332985 4.639630669619507 0 0 1000000000000
-9.71946803931321 -2.3733622576079627 0 0 1000000000000
-8.275484202866501 -5.757898172493919 0 0 1000000000000
-2.311427789361984 6.53855507539323 0 0 1000000000000
-1.9445664787298398 4.923912812669817 0 0 1000000000000
-9.985331738180104 7.3252094569762995 0 0 1000000000000
-9.320678773151194 1.5733180659445267 0 0 1000000000000
4.883557699541649 9.187331395255882 0 0 1000000000000
-7.509893063125482 6.907332669395416 0 0 1000000000000
9.230562885971267 -5.341650707639887 0 0 1000000000000
2.0679576750387234 -4.278215578055827 0 0 1000000000000
-4.339805667206518 8.379787991978496 0 0 1000000000000
-5.150114761430782 2.0333368572087114 0 0 1000000000000
-5.1597208921331195 -0.8892384330968675 0 0 1000000000000
-6.579639002139597 -6.361222343839479 0 0 1000000000000
6.386952145304608 -8.442762300473559 0 0 1000000000000
-6.084647746405414 -0.843414723726827 0 0 1000000000000
-2.373072484793477 -2.4981190370972346 0 0 1000000000000
-7.910117552726574 -2.9092936759929504 0 0 1000000000000
-7.458097051867969 1.2641953566686421 0 0 1000000000000
-3.9986892590658414 5.50173392138927 0 0 1000000000000
3.37288891396609 -3.4365587904448303 0 0 1000000000000
8.366337335105062 0.9306412218235955 0 0 1000000000000
3.201120990935838 -1.6039559768550724 0 0 1000000000000
4.02327623309308 7.102687234574489 0 0 1000000000000
1.6781635303023439 -0.40799343227893736 0 0 1000000000000
4.382470056600397 4.400593232162176 0 0 1000000000000
-9.189663687845417 4.060964951947126 0 0 1000000000000
8.119246525390164 -6.814710600754514 0 0 1000000000000
4.768513708928763 7.969061211143927 0 0 1000000000000
6.658918111981734 -8.860036259000614 0 0 1000000000000
2.465055988064206 -1.8555477785634764 0 0 1000000000000
9.687364422400272 -1.1587493484056317 0 0 1000000000000
8.974326817512392 6.602581450970895 0 0 1000000000000
9.00334888136085 -7.081710830149069 0 0 1000000000000
-5.235012224104749 1.6737849769756856 0 0 1000000000000
-9.04626962273225 8.158818778579121 0 0 1000000000000
-2.820823603298905 8.338360223431522 0 0 1000000000000
-5.551842660739839 -2.4120647422055708 0 0 1000000000000
9.168629225227267 -8.553162758563914 0 0 1000000000000
3.003978951203086 -6.843732198121037 0 0 1000000000000
1.6731554317472934 4.456716613172736 0 0 1000000000000
3.613383867365286 6.931801080491397 0 0 1000000000000
-6.182901906306244 9.591324572881348 0 0 1000000000000
2.164420202057249 4.475418541260991 0 0 1000000000000
6.237073776883001 8.747965329797484 0 0 1000000000000
-2.050243718226607 9.899024971192208 0 0 1000000000000
2.8210479045924224 0.622135263510561 0 0 1000000000000
3.0651946463815367 -3.24070989210443 0 0 1000000000000
-4.502309425758353 2.7512231730602075 0 0 1000000000000
-4.0654783977111775 -8.819224448217682 0 0 1000000000000
-5.211747506235513 4.290281642248736 0 0 1000000000000
4.601147051364574 -2.3605727578123474 0 0 1000000000000
-9.39297123510449 -2.803296756737579 0 0 1000000000000
-3.545792475924829 8.80683092769113 0 0 1000000000000
-4.997940431019973 8.539128215852443 0 0 1000000000000
6.163281743306616 -1.7115378470378495 0 0 1000000000000
2.6207859485777103 9.204965205721077 0 0 1000000000000
4.293590392200885 6.541451886708298 0 0 1000000000000
5.252201245826804 9.645537319032073 0 0 1000000000000
6.481238890539704 0.6150200984785315 0 0 1000000000000
1.5514153838910865 -4.690220872155193 0 0 1000000000000
-7.587863542819249 5.014302391847227 0 0 1000000000000
4.946560017865737 8.805629587414302 0 0 1000000000000
0.5473887503254176 8.31217909916214 0 0 1000000000000
3.167396374229213 -2.934863065625823 0 0 1000000000000
7.734969891042699 -9.394267271082768 0 0 1000000000000
-1.2670603749408897 9.508778062614816 0 0 1000000000000
-7.819281948985381 -8.721339933461271 0 0 1000000000000
1.1229338096408021 7.517989878734884 0 0 1000000000000
7.154644819949979 -4.552061161158683 0 0 1000000000000
-7.6311100525283 2.8964268638645603 0 0 1000000000000
-9.722807128748661 -4.831043550514423 0 0 1000000000000
1.7659894849245497 8.355501187498945 0 0 1000000000000
-5.993279354962224 -4.793182982894599 0 0 1000000000000
-9.492244714417804 -9.736247229758499 0 0 1000000000000
-0.7485292314172813 -6.380581196733203 0 0 1000000000000
-0.9587524696864573 -3.7951112540254535 0 0 1000000000000
-8.800758873252315 -6.1909810981314894 0 0 1000000000000
2.358922434448843 -1.339801863794456 0 0 1000000000000
-7.453379431107479 6.262078880814059 0 0 1000000000000
-4.149280688188917 8.438192592205155 0 0 1000000000000
9.842232006520227 4.979332738950077 0 0 1000000000000
-8.898875850368736 -6.924030913528922 0 0 1000000000000
-1.3139706853920003 1.6534512717619432 0 0 1000000000000
-2.616441431588985 1.7090293636380487 0 0 1000000000000
-3.2135443174274307 6.006429873124041 0 0 1000000000000
9.255956857382145 6.595158420722463 0 0 1000000000000
-6.2725440264885535 -5.5660849656699485 0 0 1000000000000
6.519556138004141 9.05668451261916 0 0 1000000000000
-9.206567720475942 1.4796727657660114 0 0 1000000000000
-4.234461118602539 2.325689023602779 0 0 1000000000000
3.08853057593131 5.365711388524783 0 0 1000000000000
-1.7938364232064998 8.848328720138014 0 0 1000000000000
-9.350672758485368 3.884970268685448 0 0 1000000000000
2.2684229725495264 -9.934799385058358 0 0 1000000000000
-4.756544777222649 -9.449864461056158 0 0 1000000000000
-9.498207945165118 4.509200491966443 0 0 1000000000000
9.499989120098974 -8.074971798517916 0 0 1000000000000
-9.599951414674956 -3.9517392015125496 0 0 1000000000000
-6.742166751082999 -9.449015775264735 0 0 1000000000000
-4.510883284089717 -0.33211829361488654 0 0 1000000000000
-7.122651391406989 -5.722012242917833 0 0 1000000000000
6.416563354961461 3.469129172803031 0 0 1000000000000
3.917384576772191 4.32132286314779 0 0 1000000000000
-4.849976583158744 9.33369693101993 0 0 1000000000000
2.597763009496756 5.496721609510571 0 0 1000000000000
0.5291113931486926 3.474973008642131 0 0 1000000000000
-7.300856092002066 -1.1798770311209523 0 0 1000000000000
-8.246817802644449 -7.107069562716754 0 0 1000000000000
-6.7329061832305115 -8.326543863560227 0 0 1000000000000
-5.028686439516852 0.10590912635816707 0 0 1000000000000
4.637897661381366 -3.2197271913877445 0 0 1000000000000
-4.478629460614371 -3.431897038558251 0 0 1000000000000
5.309736849969857 -2.0337342964336376 0 0 1000000000000
-1.1927702377609783 -7.079229424071722 0 0 1000000000000
6.423571369253139 2.906841911532867 0 0 1000000000000
2.3244813126881443 1.1535918782903547 0 0 1000000000000
-9.536882576762274 -9.887961768241047 0 0 1000000000000
-0.8100479708682542 1.252737084645279 0 0 1000000000000
-2.01468858751904 8.230195692064974 0 0 1000000000000
-3.226315802149151 -5.00309492911255 0 0 1000000000000
4.421845296515627 5.988233706634961 0 0 1000000000000
5.039035329523552 -4.129971398293469 0 0 1000000000000
-1.6426332802569057 -7.909148927027512 0 0 1000000000000
2.3715918742922035 -7.06005448022413 0 0 1000000000000
9.304980497670126 3.178452403661268 0 0 1000000000000
-1.1808292476505056 -3.6769114148682984 0 0 1000000000000
-1.677159603086487 -6.179872858953477 0 0 1000000000000
2.394699977335584 -9.989677897113769 0 0 1000000000000
5.820887601931528 0.8881388492822353 0 0 1000000000000
-2.226531534744325 2.5214098299667356 0 0 1000000000000
4.513548435180114 1.9149212361444476 0 0 1000000000000
8.552634392849235 4.428999369286808 0 0 1000000000000
