1.5878612709570383 -1.5714612098343501 0 0 1000000000000
-8.02565455507275 5.767463753333237 0 0 1000000000000
-8.540371177256773 -2.335390280452918 0 0 1000000000000
6.33012540207465 4.723118139451367 0 0 1000000000000
5.8724882327336765 -7.137301891074563 0 0 1000000000000
8.9360039986828 7.061438957453795 0 0 1000000000000
-8.994206536112761 9.030757055609872 0 0 1000000000000
0.5391411960500179 -5.222422498827433 0 0 1000000000000
-6.125228233645055 5.361005816104694 0 0 1000000000000
9.584250080985697 1.1091949650545843 0 0 1000000000000
-3.302702052693882 6.193101299878926 0 0 1000000000000
-1.2317621422870246 -1.6198018446630762 0 0 1000000000000
-7.893327559320749 8.655398354550066 0 0 1000000000000
7.379771451615117 -0.7667948444367845 0 0 1000000000000
-1.9587661176897946 0.6906153248893432 0 0 1000000000000
6.1896240213214675 1.839993912425271 0 0 1000000000000
9.142612655821889 -2.755696629222224 0 0 1000000000000
3.2850928704262383 -5.542627184305973 0 0 1000000000000
0.40802324164401327 -2.2365128106290992 0 0 1000000000000
9.124915197606398 7.975274880648374 0 0 1000000000000
-6.546729504390914 8.381049096879035 0 0 1000000000000
1.9265244995869661 -8.733628289656515 0 0 1000000000000
-4.469973954242659 -3.7270326707910346 0 0 1000000000000
4.998380696332479 8.351995618231914 0 0 1000000000000
-9.47666862610702 7.430915272826486 0 0 1000000000000
6.438327646769583 4.3112247839324915 0 0 1000000000000
9.99448414728904 -9.07056584672347 0 0 1000000000000
-5.130528952449634 9.534466304947532 0 0 1000000000000
-6.138473423062434 -9.116561343649698 0 0 1000000000000
-0.2545984798084078 3.4048265326524714 0 0 1000000000000
3.3785192178663515 -6.210651159465323 0 0 1000000000000
-0.1923919944438488 -6.943375065497673 0 0 1000000000000
4.191842623952699 -5.470167548236158 0 0 1000000000000
1.6757434503833366 -3.426454094989797 0 0 1000000000000
2.925503283290114 9.346025307328684 0 0 1000000000000
6.791318063926909 2.663447097759086 0 0 1000000000000
-0.21609072178914346 -9.530234587311313 0 0 1000000000000
3.748798720350429 -5.222027643773295 0 0 1000000000000
6.5004052872792855 5.667456420444221 0 0 1000000000000
-0.9804490477646706 -1.129184227489585 0 0 1000000000000
-1.3463693311729052 5.203118226234727 0 0 1000000000000
-0.834002845557503 6.300119593966016 0 0 1000000000000
2.9906598200886805 6.3377279699590225 0 0 1000000000000
8.79810830766101 -2.856521372453747 0 0 1000000000000
3.4445142365952393 9.005024010818396 0 0 1000000000000
1.3345903295218147 -0.9770772098436442 0 0 1000000000000
5.104261531908032 9.105039667710223 0 0 1000000000000
2.5393678361820076 7.232774823600742 0 0 1000000000000
1.6792310712352538 8.497249564576908 0 0 1000000000000
-4.25107182462662 -2.6720243501913927 0 0 1000000000000
7.443421368974338 6.287084187797184 0 0 1000000000000
-6.247779064972336 -8.714216561041262 0 0 1000000000000
0.9115559106343767 9.468443969456693 0 0 1000000000000
-7.666443196850339 -7.4695331680320205 0 0 1000000000000
7.5209998641696885 6.141475344140439 0 0 1000000000000
-1.1820370789927122 3.667938704248863 0 0 1000000000000
9.18007887786547 3.936295245381512 0 0 1000000000000
-9.76178110542467 -6.806509620604313 0 0 1000000000000
-2.930762227620603 -4.562700486732467 0 0 1000000000000
-4.601775632196235 0.7101925306938828 0 0 1000000000000
9.696851903135975 -6.935495634996327 0 0 1000000000000
-2.1787917230974063 -2.1490193430922444 0 0 1000000000000
7.172055253566366 2.1294250828012586 0 0 1000000000000
9.970895851463965 -1.0772835898835282 0 0 1000000000000
-1.5198393527672405 -1.7329686868267142 0 0 1000000000000
7.908239891438868 -3.328624676845595 0 0 1000000000000
1.3333582651381075 0.17702781244781107 0 0 1000000000000
-9.63075977506654 1.4848469639243138 0 0 1000000000000
-6.006897342273256 -5.727509673423972 0 0 1000000000000
2.8556254579375278 -9.139082337558905 0 0 1000000000000
-9.106634156341526 -3.402855345700539 0 0 1000000000000
-1.0491280265924345 -5.172271452106365 0 0 1000000000000
5.488860352593219 5.740898730413555 0 0 1000000000000
-2.3127756108167974 7.634492627524878 0 0 1000000000000
-2.115127124213993 -1.7052205888226197 0 0 1000000000000
-6.352413612548875 -9.209311787573943 0 0 1000000000000
5.432957516305834 -5.520568234224024 0 0 1000000000000
-6.472196064099569 -4.411340825812166 0 0 1000000000000
2.6456536993700084 6.826902835592527 0 0 1000000000000
-6.096949815394113 -4.983733895080413 0 0 1000000000000
-9.792176882837303 -8.908152846488864 0 0 1000000000000
3.1677084942142244 -1.4941144107343174 0 0 1000000000000
-4.614351156392573 -8.692995947534198 0 0 1000000000000
4.137885780590093 1.7174893742037245 0 0 1000000000000
-3.503291848668278 -0.8347432784566688 0 0 1000000000000
-6.379501279639244 5.02467610904446 0 0 1000000000000
0.5672547750713708 9.362626439876493 0 0 1000000000000
3.001051800410835 4.69751399244079 0 0 1000000000000
-4.631024900906848 7.763113991754544 0 0 1000000000000
3.6889732934636843 0.136933501349219 0 0 1000000000000
-2.996055904566033 4.747090725157728 0 0 1000000000000
4.6446667331487586 9.85257743872448 0 0 1000000000000
-5.942255625844681 5.198206145982402 0 0 1000000000000
5.050653015155309 -2.7107646024292853 0 0 1000000000000
5.391418893400813 9.363748922106076 0 0 1000000000000
-8.436504454528599 9.822030403425089 0 0 1000000000000
0.6774426477824562 -3.4236023025416156 0 0 1000000000000
2.597392019332279 -2.1939851515981035 0 0 1000000000000
9.689417602794421 -9.188291508859747 0 0 1000000000000
0.7705554768410234 -6.479163863752719 0 0 1000000000000
-0.11207343204602438 -9.305662684833058 0 0 1000000000000
6.163742401936712 -1.1337197678464577 0 0 1000000000000
-0.31534192578273235 -9.984211295178033 0 0 1000000000000
6.535695763973063 -7.303461514783187 0 0 1000000000000
4.285516755544435 -3.3619052361529 0 0 1000000000000
6.032089524200771 6.01190833845877 0 0 1000000000000
2.203053275799709 -6.0020465287967495 0 0 1000000000000
4.637895570583758 -1.3387417239756498 0 0 1000000000000
-0.887399154050236 -2.8106494801448108 0 0 1000000000000
5.568476033067501 -1.6674534342609135 0 0 1000000000000
3.062292143860553 -5.925796838517254 0 0 1000000000000
-9.794691632701673 5.765562466517768 0 0 1000000000000
3.8161390465718696 -8.282337671240699 0 0 1000000000000
-8.112201168468221 9.806035558578397 0 0 1000000000000
-4.602063157472669 -4.799581021713665 0 0 1000000000000
-4.08031766233 3.6969203600478 0 0 1000000000000
0.7572693374111275 -4.112432334669354 0 0 1000000000000
-0.4555039155675651 2.284567514185458 0 0 1000000000000
2.352109569320021 -9.598498487872613 0 0 1000000000000
3.1995488438504633 -6.906133693704033 0 0 1000000000000
3.877444807543 8.157411725548638 0 0 1000000000000
7.9379860362863255 -8.420701080696755 0 0 1000000000000
8.783421963824075 0.7748953868931547 0 0 1000000000000
9.326327343085758 -2.7618109987881745 0 0 1000000000000
-8.353784730921664 -7.885213045457455 0 0 1000000000000
4.948761237645991 -1.4588107802837218 0 0 1000000000000
-6.96533704000341 -3.2422175883890763 0 0 1000000000000
4.28138656643182 5.655880129058319 0 0 1000000000000
9.288107907122722 -0.7156501128819492 0 0 1000000000000
-0.2864134381892498 -2.273182973013606 0 0 1000000000000
-4.622539774261217 -4.791365041909826 0 0 1000000000000
0.6212984531676078 -4.226058531139842 0 0 1000000000000
-2.7180790989304215 -5.682372537389031 0 0 1000000000000
-7.174945232100534 1.5948299549819787 0 0 1000000000000
-1.795259806072254 -6.823117644983014 0 0 1000000000000
6.692914413738727 9.262690641871455 0 0 1000000000000
5.205934912779263 5.835869729344072 0 0 1000000000000
1.7540868044251052 7.179085909437092 0 0 1000000000000
9.18168784606517 -3.668240983826225 0 0 1000000000000
0.8282850392024841 -0.6574569310179541 0 0 1000000000000
-1.3347927425150843 3.244473453402424 0 0 1000000000000
-6.527510223984356 9.479160395192125 0 0 1000000000000
5.064809131675576 6.110772988783047 0 0 1000000000000
2.1883627169931543 6.715215993486243 0 0 1000000000000
8.599619114530388 -2.6041347688468957 0 0 1000000000000
-9.704766674081128 -7.465194692251023 0 0 1000000000000
-0.5917773129275599 -9.810632883818593 0 0 1000000000000
6.602321131639705 -3.8989641680598 0 0 1000000000000
9.438654236453566 1.9488687571957737 0 0 1000000000000
3.6516013444229696 7.242151368375033 0 0 1000000000000
-7.9498273208279135 -6.159521412758043 0 0 1000000000000
7.233398972888743 6.77205852638982 0 0 1000000000000
6.235131482680227 -0.9886591771803488 0 0 1000000000000
-9.852627099511576 7.317508075018587 0 0 1000000000000
0.09026840009429371 2.084275362925574 0 0 1000000000000
6.821099498475306 -9.741404367170578 0 0 1000000000000
4.94348957700257 -9.442450546794364 0 0 1000000000000
-3.1263186400471916 -7.981062774218661 0 0 1000000000000
-1.915912533167262 7.790079810668196 0 0 1000000000000
-2.425356955922073 8.338336978773214 0 0 1000000000000
-7.018133799988762 0.07391639592682075 0 0 1000000000000
-5.410939098163108 -2.0134460560702117 0 0 1000000000000
9.17864803029505 3.951608794459192 0 0 1000000000000
4.950261790214729 8.846622292697212 0 0 1000000000000
-9.517659178496507 7.7267153809013855 0 0 1000000000000
0.7779562643799149 -6.970655711298688 0 0 1000000000000
6.752749225068062 9.860231591316822 0 0 1000000000000
9.489292534338322 1.1034470600187358 0 0 1000000000000
-8.874550968149038 4.729319785187931 0 0 1000000000000
-4.327571610501682 6.003118945488488 0 0 1000000000000
-3.1620035885200597 -4.863576370484184 0 0 1000000000000
7.8531918961865586 2.526299398882813 0 0 1000000000000
6.564750883149944 -8.912734248566993 0 0 1000000000000
-7.2126667325596845 4.856380493644167 0 0 1000000000000
9.763771612581738 3.3804421011680965 0 0 1000000000000
4.86774437218147 8.80070105532089 0 0 1000000000000
-9.5845704348382 -6.179797444545912 0 0 1000000000000
-6.973884048812882 -7.619689957128244 0 0 1000000000000
-7.455435573889739 1.8871061927075168 0 0 1000000000000
8.004541481156178 -6.225170369290225 0 0 1000000000000
3.44046191244413 -1.6637658184342463 0 0 1000000000000
-1.392937095381681 -0.7198373398327025 0 0 1000000000000
1.031226159896807 9.003350586757911 0 0 1000000000000
5.721790534583551 1.6423879190783772 0 0 1000000000000
0.6907133634892695 3.636566354594912 0 0 1000000000000
9.650232806536291 -2.976726762682647 0 0 1000000000000
4.526164212911063 -3.8414516043621756 0 0 1000000000000
-2.252500492438976 9.681723138643111 0 0 1000000000000
4.635635128475492 8.338628641408569 0 0 1000000000000
4.7368349814358535 -1.543543924305066 0 0 1000000000000
-6.471752536538569 -1.9450151289993656 0 0 1000000000000
7.121024421479504 4.262211233534689 0 0 1000000000000
1.5417532720892613 -8.204521759922745 0 0 1000000000000
-2.3731664822801957 -8.843708851125475 0 0 1000000000000
-9.868021819003125 -1.5798118917552788 0 0 1000000000000
0.6720627412406408 8.747638887864198 0 0 1000000000000
-7.000092036178261 4.981978508677825 0 0 1000000000000
-0.20133764510758034 9.623455716836347 0 0 1000000000000
-2.6727283418956542 -1.3475619626791424 0 0 1000000000000
-2.56461720970907 -5.800156627163487 0 0 1000000000000
3.4010955066623456 0.2568598651398446 0 0 1000000000000
0.9448030565723009 4.084275345056289 0 0 1000000000000
-3.605468640255342 -5.55268062397658 0 0 1000000000000
-7.292453868634869 -4.9937870274765555 0 0 1000000000000
-2.474489828771649 4.780854413901626 0 0 1000000000000
-7.964912270734215 7.504720972414379 0 0 1000000000000
-4.452141694207463 -0.07061970146699181 0 0 1000000000000
-1.618806744603333 9.432629567536218 0 0 1000000000000
-8.483989898151332 1.5721342845110655 0 0 1000000000000
-0.9788066239792688 -1.8635172723998217 0 0 1000000000000
-8.663921689172899 4.506441734199168 0 0 1000000000000
-1.0361751388578675 3.6459015956308622 0 0 1000000000000
-4.069978067339079 -0.4723288011964364 0 0 1000000000000
-0.19112368684871583 0.6479008964230637 0 0 1000000000000
5.358576453673063 9.36311111868725 0 0 1000000000000
9.087207356965159 4.999195463395802 0 0 1000000000000
-3.676262017228784 -0.7536307220253935 0 0 1000000000000
1.4516494434289378 6.741018191803278 0 0 1000000000000
-5.56922227040793 -0.7674452622726058 0 0 1000000000000
0.584789753811048 4.213974596430825 0 0 1000000000000
0.5337288878102591 9.319133284628158 0 0 1000000000000
4.921089261759516 -3.6061865774557784 0 0 1000000000000
0.07645601041494388 0.43404779548701633 0 0 1000000000000
-1.7769432240986518 0.4486464090261997 0 0 1000000000000
1.2244739067688926 4.290061269350334 0 0 1000000000000
6.595271993279283 8.067994685924262 0 0 1000000000000
5.557730098295329 -0.4020845554642545 0 0 1000000000000
-2.479809129168567 7.719280689219687 0 0 1000000000000
-7.894234119339776 -6.920895517772843 0 0 1000000000000
3.5070247390207996 8.284615196590387 0 0 1000000000000
-3.0647384604731425 -8.377153146509794 0 0 1000000000000
-6.090081660793027 5.641636687735501 0 0 1000000000000
3.195307487575281 1.2601268396088905 0 0 1000000000000
5.189343217290229 4.660467755470135 0 0 1000000000000
-0.31320621643331314 -1.8625191807596568 0 0 1000000000000
1.7098537550600383 -9.956714102129338 0 0 1000000000000
-3.66670402092865 -0.16154388408575038 0 0 1000000000000
1.4249796547801878 -8.62833470278304 0 0 1000000000000
-3.22069091839579 7.88278651847844 0 0 1000000000000
-1.5351021235489988 8.920533340241178 0 0 1000000000000
5.9597050697748895 6.583317554457043 0 0 1000000000000
5.229055133364648 4.895756012148414 0 0 1000000000000
9.183708752522865 -1.4893946756119227 0 0 1000000000000
-9.415963388078838 -9.2760282699282 0 0 1000000000000
2.3704729184032303 3.4112705248031574 0 0 1000000000000
-8.100522057835835 -8.800537416199997 0 0 1000000000000
-1.7802831645187212 -1.092784606008209 0 0 1000000000000
-1.9754503516667619 -9.458541309235981 0 0 1000000000000
-5.061449148411805 -7.330565188089578 0 0 1000000000000
-1.3765160617703227 2.142784948095848 0 0 1000000000000
8.89787623755931 0.5800066307278051 0 0 1000000000000
-0.09292797625568561 1.7032699926566774 0 0 1000000000000
-9.88513393481714 -3.9561491918659186 0 0 1000000000000
6.59337361113786 -0.15873487100689765 0 0 1000000000000
-8.641087392584419 -7.102466965931564 0 0 1000000000000
-1.5632919989825371 -9.874266013189601 0 0 1000000000000
8.953680601634325 -6.54486871634364 0 0 1000000000000
0.7229571081438451 5.308143564840535 0 0 1000000000000
5.520098982100336 -5.189129372844777 0 0 1000000000000
8.503999344145743 5.874635171658305 0 0 1000000000000
7.180835563239057 -4.453202848689537 0 0 1000000000000
-7.657162738229419 -6.606976915277105 0 0 1000000000000
6.676430744209007 4.445061815470801 0 0 1000000000000
1.6300265312507616 8.801350004761098 0 0 1000000000000
-9.80126734418183 -4.494749414528707 0 0 1000000000000
-4.342932051153099 -0.27109038910465344 0 0 1000000000000
8.674885097967962 6.434034102171811 0 0 1000000000000
5.3729910072793725 -4.870769059381386 0 0 1000000000000
2.2522755289626915 4.096121950293675 0 0 1000000000000
5.117756257243348 2.1459118098406567 0 0 1000000000000
7.5189470835876016 -0.3055280805290863 0 0 1000000000000
-6.862039537665621 -6.615702042231688 0 0 1000000000000
-9.172674340332176 9.913091226140612 0 0 1000000000000
6.987877576614174 -7.195942986411521 0 0 1000000000000
-0.45833309144936507 -7.373612840876649 0 0 1000000000000
3.4158219933719476 -0.6400724025731073 0 0 1000000000000
-1.6751964300728304 -0.5684715443803903 0 0 1000000000000
-3.2870277926091713 -7.232269705314933 0 0 1000000000000
4.153992031282998 -2.226315375411632 0 0 1000000000000
5.538217886207157 6.207905777911108 0 0 1000000000000
-7.043238487234804 -9.0667189213461 0 0 1000000000000
-3.752643622242269 0.885129570475204 0 0 1000000000000
-3.110101273280903 5.6502425185745135 0 0 1000000000000
6.425291717573511 0.6704755006063792 0 0 1000000000000
-2.2390906896973695 -2.136574848427286 0 0 1000000000000
8.55261238628026 -1.489273604172169 0 0 1000000000000
-8.980262932924553 -2.625525325410953 0 0 1000000000000
8.913176476771337 -1.6843401009522374 0 0 1000000000000
-9.56590909994057 -1.3052565000343783 0 0 1000000000000
7.78592187298635 6.556313368255186 0 0 1000000000000
8.241122391865208 8.686457561022554 0 0 1000000000000
-5.2643885139003 9.503994631593883 0 0 1000000000000
-8.916279213252674 -4.6653940216777645 0 0 1000000000000
-8.835826255090053 4.9778170971387485 0 0 1000000000000
-4.827105127972708 -7.856571556422363 0 0 1000000000000
-8.674474217292987 -2.087647154445542 0 0 1000000000000
7.12327715495395 5.92742259453523 0 0 1000000000000
4.598444415720062 -5.214191661810206 0 0 1000000000000
8.107907729878402 2.6763034685307208 0 0 1000000000000
-0.9530928029463759 -8.573475528625085 0 0 1000000000000
-8.194179524426202 -2.66747675391227 0 0 1000000000000
-7.254650078143521 -5.627169238421555 0 0 1000000000000
-9.247942212053005 7.813192638968999 0 0 1000000000000
-9.15556690835103 -8.748832105513744 0 0 1000000000000
8.171327725856223 0.4816564092273179 0 0 1000000000000
2.677843869371486 2.5062937518418167 0 0 1000000000000
-6.832370528845104 7.664296692882672 0 0 1000000000000
-7.152926013994723 5.162659960053297 0 0 1000000000000
-3.0049510472411107 -3.504853672060692 0 0 1000000000000
7.7631039301377385 -6.561312438293552 0 0 1000000000000
-0.08438223748897045 1.1031342143742222 0 0 1000000000000
-3.6153260310549795 -4.100484021967636 0 0 1000000000000
5.197303939507805 -3.2622750069787614 0 0 1000000000000
3.027421327093041 8.940510013877635 0 0 1000000000000
9.770266791029197 -0.7291570711830566 0 0 1000000000000
-0.5735634367823756 -4.9137932416105095 0 0 1000000000000
2.5516810518172015 6.590717489630297 0 0 1000000000000
-6.926050716979956 -0.8806949758169687 0 0 1000000000000
3.351078790789039 8.856161270272569 0 0 1000000000000
-7.556058565708328 -3.478512685854862 0 0 1000000000000
-9.88261863666851 5.384582055368952 0 0 1000000000000
3.3350786878273624 9.452022460778014 0 0 1000000000000
-2.96506046896976 8.579308920885175 0 0 1000000000000
8.75049039168897 -8.50690505151124 0 0 1000000000000
-5.5878267911278545 7.159981748376044 0 0 1000000000000
-8.505395249759662 -9.9197324334128 0 0 1000000000000
-5.031411871636524 3.094414701093214 0 0 1000000000000
-8.166461283822963 -8.149817879167585 0 0 1000000000000
-2.7890872682399266 -2.8558520121986897 0 0 1000000000000
8.804995514123412 -1.2132164600642525 0 0 1000000000000
0.2261153231663311 -8.657502675515241 0 0 1000000000000
-5.446447950324485 -7.6442963170313005 0 0 1000000000000
6.6457384853205 -4.473449190534716 0 0 1000000000000
-2.0644238047213666 2.2201774132245067 0 0 1000000000000
8.809572797328961 -7.152058519868499 0 0 1000000000000
-8.930578257987651 5.017613750369581 0 0 1000000000000
-9.919861088689592 -1.1046289037500863 0 0 1000000000000
-2.5209262531648076 -3.916515924661854 0 0 1000000000000
1.8000304047089557 3.4592244841429736 0 0 1000000000000
-0.12422362863659053 3.55616575986965 0 0 1000000000000
8.550027894979134 -4.435725126042829 0 0 1000000000000
2.8221098966831892 -4.561604561760799 0 0 1000000000000
3.7057028852160947 0.13005873857853345 0 0 1000000000000
7.628139459545363 0.15128992231596072 0 0 1000000000000
-9.283153871221703 -7.192504834548201 0 0 1000000000000
-6.693728238171744 0.3923474289426814 0 0 1000000000000
-7.525847296963506 -6.260237453339721 0 0 1000000000000
2.677322840156311 9.60966256847652 0 0 1000000000000
8.923064655924946 -0.5242259077946265 0 0 1000000000000
-0.5815122412173075 -3.8170290439151717 0 0 1000000000000
-3.866764769300848 -6.378274206369426 0 0 1000000000000
-3.8829675759699667 4.089995471721483 0 0 1000000000000
3.118651290983852 -3.93452916532479 0 0 1000000000000
0.49814625299501714 -9.1336737626686 0 0 1000000000000
9.614694169754863 1.8968881262916426 0 0 1000000000000
-0.5056968358518823 -2.577623507995261 0 0 1000000000000
-5.295490721441494 -7.751965875663787 0 0 1000000000000
-1.4590253103554964 0.5906642791826755 0 0 1000000000000
-5.433149581777023 -2.9382673985527337 0 0 1000000000000
4.084127260070689 1.4202234894348926 0 0 1000000000000
-8.913933873718651 3.0137362869978634 0 0 1000000000000
-4.598047344793306 1.8591923901593592 0 0 1000000000000
-1.506324462150106 -4.22092080578542 0 0 1000000000000
2.96543790020381 8.592819865312073 0 0 1000000000000
9.591167365497661 -5.977616712638216 0 0 1000000000000
-1.2124411934689494 5.470350819311257 0 0 1000000000000
5.160636017344123 8.92571554181718 0 0 1000000000000
5.696024265856806 4.001494348092642 0 0 1000000000000
1.6220122594858122 -9.05400304442396 0 0 1000000000000
-3.6320198487413062 3.1043234057391302 0 0 1000000000000
-0.3712627611496959 -9.353355859132568 0 0 1000000000000
3.428794071503443 -9.22848451645728 0 0 1000000000000
6.0651435787833385 -2.3366892187406147 0 0 1000000000000
3.8551424902720406 9.405507009679773 0 0 1000000000000
-7.092970312367539 -3.022953777266986 0 0 1000000000000
-7.725928766084305 7.844812358352392 0 0 1000000000000
8.404869942298319 -0.7974134439649028 0 0 1000000000000
5.19697806566737 6.9485784249866605 0 0 1000000000000
-5.389008786984634 -9.117995894307956 0 0 1000000000000
-2.6648597868972494 6.811488936650026 0 0 1000000000000
-3.1058598813314697 -3.942620185831702 0 0 1000000000000
1.2632156471499005 -9.71423592324131 0 0 1000000000000
3.6892105239499635 -2.0737608476005365 0 0 1000000000000
-6.444105935044742 -3.58715644053746 0 0 1000000000000
-9.716208045988928 7.9110054940534305 0 0 1000000000000
-0.22442304709476169 -3.952655302079629 0 0 1000000000000
6.891465437865595 1.018807913980421 0 0 1000000000000
4.124637730110219 3.2912207116530094 0 0 1000000000000
-7.796127693052595 2.3669601305508294 0 0 1000000000000
-6.31226687083325 -9.311239766343874 0 0 1000000000000
0.7413718475433146 -6.65834530299537 0 0 1000000000000
-7.271550085025011 -3.8228304268489115 0 0 1000000000000
-7.329950546474937 -8.273335130151029 0 0 1000000000000
9.902508781196875 1.2231379193393437 0 0 1000000000000
4.037929476658547 -3.2063016129031574 0 0 1000000000000
-2.9696881150239633 -7.669718387612885 0 0 1000000000000
5.745945921498272 -7.119019043248979 0 0 1000000000000
2.8657985872635052 7.092940041661425 0 0 1000000000000
7.357931308405298 -5.996570620725407 0 0 1000000000000
7.748172285902324 -4.000508318452985 0 0 1000000000000
-5.051042604127529 8.502627027306708 0 0 1000000000000
7.99134158685543 -8.237430047845297 0 0 1000000000000
-9.053587146175435 -6.02699588220168 0 0 1000000000000
-3.6533716936354654 -7.57388150425826 0 0 1000000000000
-8.964243414564574 7.124675637335741 0 0 1000000000000
-0.7836740606339792 2.5040849124539815 0 0 1000000000000
-9.738550139942191 -9.198741840363398 0 0 1000000000000
-6.039173596224259 -4.856436050847 0 0 1000000000000
-8.768637139287351 -2.1447938922299015 0 0 1000000000000
2.5380526015162523 9.762879699026307 0 0 1000000000000
4.429348352453385 -2.3906006539087077 0 0 1000000000000
3.3170565558384357 7.426185226127078 0 0 1000000000000
-9.801398742451624 -0.5376458577348409 0 0 1000000000000
4.050616100487083 -3.8520240851464793 0 0 1000000000000
3.117723388938966 -5.238578633987929 0 0 1000000000000
4.392255553599879 -6.740129139163205 0 0 1000000000000
2.8342954884112004 4.2145565988969516 0 0 1000000000000
-4.714304903714996 -9.830304785519138 0 0 1000000000000
2.3283759259034618 -0.5858041149018671 0 0 1000000000000
8.118535745033185 -5.7501444029409505 0 0 1000000000000
-7.848838349945478 1.6302046011128972 0 0 1000000000000
-5.956285261842858 -8.531111218962417 0 0 1000000000000
-2.898600323575547 -2.393219375168405 0 0 1000000000000
-1.7448323411705058 -1.4398892013459719 0 0 1000000000000
-2.757133079213969 -2.002945242907888 0 0 1000000000000
2.7646365978201626 5.672958929745068 0 0 1000000000000
1.3952418961205915 0.4404939386326472 0 0 1000000000000
-8.581401257645041 -4.1400054461554525 0 0 1000000000000
5.365770253466263 6.869653131355868 0 0 1000000000000
-8.283042776637323 1.1772341459860396 0 0 1000000000000
6.4155769662132585 -3.5133601147999123 0 0 1000000000000
3.98886587497239 -9.790469832793285 0 0 1000000000000
6.272586643520125 -3.28650841272645 0 0 1000000000000
-9.483376101808357 5.328978196850382 0 0 1000000000000
8.638147779663289 6.464397721287092 0 0 1000000000000
-4.615859824458961 -6.986910710758647 0 0 1000000000000
1.4176403808639968 -8.62634837080712 0 0 1000000000000
8.790522427025596 -2.5353387641952434 0 0 1000000000000
-5.398094677459837 -3.3313382156036404 0 0 1000000000000
-7.542492837181671 7.634190150346651 0 0 1000000000000
7.990075156967116 4.949049258469902 0 0 1000000000000
-7.7517888487490065 -2.5836739842360235 0 0 1000000000000
9.882488212459968 5.87154082888601 0 0 1000000000000
8.33157555151135 4.995543134227066 0 0 1000000000000
3.5776401286585227 -9.536204011763335 0 0 1000000000000
8.452058872350957 9.50883386410743 0 0 1000000000000
7.676726086912311 4.274113272217491 0 0 1000000000000
-8.017878748474415 -7.573091270916487 0 0 1000000000000
5.522810744463856 -9.812011964685102 0 0 1000000000000
-0.05719578221166799 1.841591916122919 0 0 1000000000000
-1.2413793503677404 2.519630042735166 0 0 1000000000000
-9.53569545995994 -5.415726473810332 0 0 1000000000000
0.9355746310764186 -4.489118652287452 0 0 1000000000000
-5.246968221032247 2.381819090181459 0 0 1000000000000
2.277070289514702 2.5776099736450213 0 0 1000000000000
9.107893563716637 2.8323547880337667 0 0 1000000000000
-4.654420187737336 -1.004084516299935 0 0 1000000000000
-3.8730443960425625 -2.3711963765419686 0 0 1000000000000
7.8326498670698825 -9.624801508787309 0 0 1000000000000
7.4217479100095005 -0.1270606612305265 0 0 1000000000000
-3.7191969004281678 -5.62253671991664 0 0 1000000000000
-2.3361892551771994 1.5982984125823876 0 0 1000000000000
4.47894444381844 7.525693598171699 0 0 1000000000000
-0.49784784456828923 8.481316719197423 0 0 1000000000000
4.746512483563166 4.304519520161612 0 0 1000000000000
-3.665551460350538 7.352396993318948 0 0 1000000000000
-6.629498475567191 -6.128570712291221 0 0 1000000000000
-1.8174658413968494 9.233511536344594 0 0 1000000000000
1.3547103266341338 -7.7108576463844525 0 0 1000000000000
-5.299527278201905 -7.2672229116832465 0 0 1000000000000
-2.9814429050938713 -5.922495295752766 0 0 1000000000000
2.672239639635503 -3.2335636633968434 0 0 1000000000000
9.738253921651609 -1.18532302014545 0 0 1000000000000
-0.1455042015790564 -9.9759137041572 0 0 1000000000000
4.497164030922111 -3.401468025840879 0 0 1000000000000
8.695698887307348 -1.024331927400489 0 0 1000000000000
-3.016804936550292 -6.02658751387307 0 0 1000000000000
-3.360294021138664 4.237911565823655 0 0 1000000000000
3.900893870741072 -3.946560214372794 0 0 1000000000000
-3.746960969755502 8.378819549963943 0 0 1000000000000
3.307420571131644 -8.85693361625763 0 0 1000000000000
-7.472767567909761 0.6535969661163463 0 0 1000000000000
-8.709483725354332 7.0919564713767755 0 0 1000000000000
7.293894166591169 -0.36590978262806395 0 0 1000000000000
-7.444047702247801 2.0085921068703794 0 0 1000000000000
1.5831685486155642 -0.2778303878634354 0 0 1000000000000
-8.267474319379613 -4.712738135222281 0 0 1000000000000
2.1378797580136 5.562577006239993 0 0 1000000000000
4.223355552913695 -1.3630428692167502 0 0 1000000000000
5.995897630451248 -9.935025199958694 0 0 1000000000000
-6.827035569114585 -1.8540169170692238 0 0 1000000000000
9.001729615581706 9.518317668883217 0 0 1000000000000
3.3378616110493624 -4.239917904059906 0 0 1000000000000
-0.6010175381894101 2.6767921781594843 0 0 1000000000000
5.600115951138715 4.821930669364157 0 0 1000000000000
-1.210005477240026 -3.976089143141861 0 0 1000000000000
1.7099010154522851 -0.3447442745766409 0 0 1000000000000
-0.37722071586087935 9.295961798675737 0 0 1000000000000
-9.773199639806407 -8.356293545339962 0 0 1000000000000
9.809907481681762 -2.266227644705454 0 0 1000000000000
-5.014571520448426 -0.3493325251962016 0 0 1000000000000
5.138239855517581 5.309607016958569 0 0 1000000000000
1.9390667441894571 1.2297965049925175 0 0 1000000000000
1.346238312249298 -0.689930298605903 0 0 1000000000000
8.536564544606158 -5.340732637404768 0 0 1000000000000
4.298347166325428 -0.43223338442948034 0 0 1000000000000
-7.582570603112197 0.41004095787602957 0 0 1000000000000
0.17849804956974857 -0.03499838617830875 0 0 1000000000000
6.054466900416518 -3.0939678270546 0 0 1000000000000
-5.96838737642706 -7.534596105292842 0 0 1000000000000
-5.869861193807671 -7.865670753544148 0 0 1000000000000
5.18612130083932 7.9520546343043925 0 0 1000000000000
