-0.4190919172097711 -4.507277453818439 0 0 1000000000000
-8.176381664617134 2.9805372271131567 0 0 1000000000000
9.082049568479235 1.5085014976273463 0 0 1000000000000
-9.635630722662022 -3.4443627939402655 0 0 1000000000000
-3.7549119454834585 0.39371369616815954 0 0 1000000000000
0.04343929139338165 4.9076749809435505 0 0 1000000000000
1.6267269056480522 5.158699954870954 0 0 1000000000000
-3.4625149361358147 6.452065315439604 0 0 1000000000000
-9.295964160979162 -4.959958001358844 0 0 1000000000000
9.851520205892474 0.06273202684283952 0 0 1000000000000
-9.65900872376893 4.214197735285797 0 0 1000000000000
-9.221511665169306 8.250591231986927 0 0 1000000000000
3.2194603168941853 -4.3881017380275456 0 0 1000000000000
1.1123645678379983 1.6976259269643847 0 0 1000000000000
-7.270333414135191 -3.7862745754888145 0 0 1000000000000
-8.838713231191736 6.458670831461355 0 0 1000000000000
7.419030765530927 -9.525137488342494 0 0 1000000000000
-4.6622617802385635 4.218978076508485 0 0 1000000000000
3.434395591616255 -3.4343889018216274 0 0 1000000000000
-8.878092194634172 5.2032942336443195 0 0 1000000000000
-1.9941245163661065 0.03416331874248435 0 0 1000000000000
-9.31219577627084 -1.9127281625885573 0 0 1000000000000
-3.957345826276832 1.7196278317347051 0 0 1000000000000
6.069106761504315 3.875940566299967 0 0 1000000000000
-8.124469699573577 8.086517292076525 0 0 1000000000000
-2.784891978116635 -9.268076289350347 0 0 1000000000000
4.853755059446051 -9.681060415380031 0 0 1000000000000
-3.946514867475834 -7.747288209372181 0 0 1000000000000
-9.677912547025615 6.645754343645482 0 0 1000000000000
-8.439411433910989 9.272532038995283 0 0 1000000000000
-3.0581036999471873 -2.6166051659129668 0 0 1000000000000
7.653255335274249 -7.455717663282753 0 0 1000000000000
6.8321608845960355 3.9316201614872526 0 0 1000000000000
-3.1404647550626574 -2.261546538867214 0 0 1000000000000
-2.9494495947380734 -7.159426231243908 0 0 1000000000000
5.4700359886316985 6.664839665154641 0 0 1000000000000
2.1274612442035945 -8.398784662820349 0 0 1000000000000
6.768348923351137 -7.977914868963147 0 0 1000000000000
1.3949439043829734 0.09890010851492548 0 0 1000000000000
0.6788582531029306 -2.8210375984915697 0 0 1000000000000
-2.0060945452177155 -9.965673595636169 0 0 1000000000000
7.067799871613733 5.838484185105322 0 0 1000000000000
-6.280166793317042 -5.0098147133995585 0 0 1000000000000
-5.246176218929664 -1.0345817006368065 0 0 1000000000000
0.9535203909685173 -8.447157967161603 0 0 1000000000000
2.4190355339078877 4.0563896032340345 0 0 1000000000000
-5.474753785829083 6.204881788486578 0 0 1000000000000
2.2774559443506277 4.954078484069914 0 0 1000000000000
1.681721613054993 -7.374793250874898 0 0 1000000000000
8.595480060993232 -7.8809861983235745 0 0 1000000000000
9.612638217063058 -9.207424205988787 0 0 1000000000000
8.473712828535646 -1.1042798287296307 0 0 1000000000000
0.36042118496296993 -6.745897973600563 0 0 1000000000000
8.348155213519533 1.434437437647544 0 0 1000000000000
9.950468271618341 -1.2663361970780898 0 0 1000000000000
9.007048758498957 -9.852257363939458 0 0 1000000000000
7.087993605847657 7.322993899277751 0 0 1000000000000
-4.986836136177162 3.23356486033971 0 0 1000000000000
-8.795167894170959 -1.4223515498004708 0 0 1000000000000
9.532812866054194 -9.401255581012828 0 0 1000000000000
-2.878924140525571 -0.9072632216519452 0 0 1000000000000
-6.189902832543472 -0.6767105957703414 0 0 1000000000000
-4.858364884540052 5.51780953157653 0 0 1000000000000
6.638398041385781 4.142953069974935 0 0 1000000000000