-1.3661760348280048 -2.305494842386988 0 0 1000000000000
-2.0216372012172386 -7.7595516964073985 0 0 1000000000000
-1.5328823944704375 4.850209960971091 0 0 1000000000000
-7.765529634411368 -2.925792493807564 0 0 1000000000000
-1.260241469961107 -1.6907982696385169 0 0 1000000000000
1.7316724055242432 -9.7149275434696 0 0 1000000000000
8.049521808345549 -8.115479111875434 0 0 1000000000000
-0.4212307798622419 3.9794876725140664 0 0 1000000000000
-0.4501129581795933 -7.618949673437429 0 0 1000000000000
8.491892489797795 7.032374859190806 0 0 1000000000000
-9.607939309483992 0.04934689017928484 0 0 1000000000000
5.551263920855384 1.8124907815853817 0 0 1000000000000
-2.73785241900526 6.875792449340288 0 0 1000000000000
-2.122627218476845 5.871262179212913 0 0 1000000000000
7.181762713636811 9.733215472362243 0 0 1000000000000
-2.4611442865970767 -6.67640154626725 0 0 1000000000000