-1.3661760348280048 -2.305494842386988 0 0 1000000000000
-2.0216372012172386 -7.7595516964073985 0 0 1000000000000
-1.5328823944704375 4.850209960971091 0 0 1000000000000
-7.765529634411368 -2.925792493807564 0 0 1000000000000
-1.260241469961107 -1.6907982696385169 0 0 1000000000000
1.7316724055242432 -9.7149275434696 0 0 1000000000000
8.049521808345549 -8.115479111875434 0 0 1000000000000
-0.4212307798622419 3.9794876725140664 0 0 1000000000000
-0.4501129581795933 -7.618949673437429 0 0 1000000000000
8.491892489797795 7.032374859190806 0 0 1000000000000
-9.607939309483992 0.04934689017928484 0 0 1000000000000
5.551263920855384 1.8124907815853817 0 0 1000000000000
-2.73785241900526 6.875792449340288 0 0 1000000000000
-2.122627218476845 5.871262179212913 0 0 1000000000000
7.181762713636811 9.733215472362243 0 0 1000000000000
-2.4611442865970767 -6.67640154626725 0 0 1000000000000
1.4562425397588807 8.104032047120853 0 0 1000000000000
4.340394583034277 0.08803184062671932 0 0 1000000000000
-8.735489245868651 2.144398118447093 0 0 1000000000000
3.6729509332733095 7.742123959885067 0 0 1000000000000
1.7343971367424231 -9.28132451855012 0 0 1000000000000
-5.771314334737849 -4.104393145451068 0 0 1000000000000
9.698550491713 -0.6954512649670264 0 0 1000000000000
3.079008343667125 7.238233571318769 0 0 1000000000000
-1.077599485372387 9.939530265236478 0 0 1000000000000
-4.361282711735408 2.681427768761637 0 0 1000000000000
9.321738473030095 2.3914490718383803 0 0 1000000000000
7.576892055980441 2.298265981364949 0 0 1000000000000
9.482964466719299 0.3025981587836828 0 0 1000000000000
-1.6509199234258922 -0.13797442281889793 0 0 1000000000000
-6.571046943491994 -5.4136425466675036 0 0 1000000000000
8.748062796623035 9.111148414926088 0 0 1000000000000